1	11	0.722127
2	18	0.998793
3	25	0.978936
4	5	0.993216
5	26	1.000000
6	19	0.746571
7	4	0.993918
8	45	0.959063
9	13	0.981861
10	5	0.806197
11	46	0.581538
12	25	1.000000
13	42	0.992459
14	18	0.989054
15	6	0.843594
16	41	0.959535
17	44	0.605117
18	29	0.694143
19	28	0.442088
20	46	0.303782
21	10	0.995507
22	46	0.985568
23	46	0.996044
24	10	0.795864
25	20	0.669318
26	11	0.968221
27	20	0.563844
28	45	0.739311
29	26	1.000000
30	4	0.607956
31	15	0.953955
32	34	0.826838
33	45	0.630586
34	9	0.938826
35	15	0.644701
36	28	0.352537
37	11	0.983238
38	31	0.734916
39	18	0.584925
40	18	0.949370
41	8	0.984237
42	5	0.506956
43	20	0.822128
44	19	0.981353
45	26	0.499941
46	5	0.665080
47	12	0.773677
48	4	0.752868
49	33	0.997692
50	25	0.990568
51	15	0.982191
52	11	0.916817
53	19	0.714977
54	18	0.917843
55	33	0.531061
56	2	0.484226
57	27	0.627594
58	15	0.684413
59	11	0.960029
60	37	0.879915
61	13	0.949473
62	44	0.992902
63	23	0.906701
64	6	0.322741
65	6	0.576986
66	42	0.773401
67	46	0.815828
68	16	0.932290
69	16	0.870205
70	36	0.263375
71	28	0.526888
72	25	0.971662
73	12	0.768143
74	47	0.657069
75	30	0.999570
76	27	0.993792
77	44	0.882934
78	18	0.908319
79	45	0.682329
80	8	0.330446
81	31	0.482537
82	7	0.496952
83	23	0.736907
84	36	0.974777
85	12	0.779075
86	40	0.584419
87	23	0.477221
88	24	0.787353
89	3	0.869843
90	12	0.956196
91	11	0.934271
92	17	0.987364
93	45	0.946021
94	1	0.665727
95	42	0.970386
96	23	0.934266
97	45	0.994061
98	21	0.995109
99	18	0.975006
100	45	0.854232
101	48	0.508049
102	13	0.648174
103	5	0.989519
104	6	0.631118
105	33	0.991748
106	19	0.940573
107	4	0.786218
108	45	0.956302
109	1	0.950806
110	23	0.680943
111	25	0.999100
112	31	0.992236
113	9	0.952034
114	12	0.722158
115	19	0.948167
116	23	0.971528
117	1	0.427120
118	11	0.951074
119	48	0.456631
120	28	0.475190
121	40	0.837484
122	36	0.507215
123	4	0.825795
124	12	0.970528
125	20	0.961561
126	25	0.941294
127	37	0.948157
128	12	0.768565
129	9	0.778693
130	37	0.606371
131	40	0.851438
132	4	0.891960
133	42	0.999449
134	5	0.516744
135	10	0.540772
136	27	0.835989
137	12	0.640985
138	9	0.951972
139	42	0.773099
140	45	0.919249
141	10	0.969755
142	42	0.878671
143	15	0.997335
144	33	0.793973
145	45	1.000000
146	17	0.985650
147	5	0.942888
148	41	0.647020
149	9	0.961905
150	46	0.999500
151	10	0.746347
152	7	0.982852
153	2	0.986196
154	35	0.837302
155	40	0.914097
156	12	0.549680
157	44	0.992104
158	7	0.405249
159	43	0.919313
160	9	0.705988
161	23	0.847509
162	7	0.908466
163	11	0.923606
164	37	0.984088
165	5	0.704995
166	30	0.995972
167	18	0.960479
168	46	0.995399
169	3	0.566640
170	42	0.622797
171	35	0.251511
172	22	0.760495
173	33	0.457136
174	3	0.981259
175	4	0.960357
176	18	0.698379
177	23	0.854183
178	16	0.932274
179	46	0.624538
180	44	0.972857
181	31	0.292525
182	39	0.942001
183	29	0.560385
184	27	0.893759
185	7	0.833891
186	19	0.891395
187	17	0.993128
188	36	0.858462
189	34	0.614797
190	29	0.675384
191	45	0.972259
192	12	0.493537
193	12	0.974414
194	11	0.943827
195	24	0.497307
196	11	0.917096
197	44	0.994071
198	23	0.986958
199	4	0.858924
200	11	0.954375
201	4	0.961748
202	37	0.923296
203	30	0.987089
204	28	0.971712
205	37	0.999969
206	30	0.477715
207	5	0.807019
208	23	0.987276
209	23	0.334955
210	16	0.988267
211	25	0.761937
212	32	0.980527
213	42	0.980746
214	37	0.959892
215	37	0.930763
216	26	1.000000
217	12	0.509287
218	16	0.968666
219	27	0.821898
220	7	0.703596
221	42	0.445816
222	38	0.854293
223	33	0.919382
224	27	0.835885
225	46	0.957880
226	8	0.881672
227	25	0.693836
228	27	0.846181
229	37	1.000000
230	23	0.620672
231	16	0.830428
232	17	0.990120
233	23	0.974351
234	30	0.957473
235	45	0.976581
236	7	0.595580
237	7	0.973437
238	37	0.494753
239	38	0.913159
240	46	0.998895
241	46	0.976409
242	46	0.975166
243	3	0.878580
244	21	0.936347
245	1	0.977243
246	29	0.999347
247	48	0.840313
248	20	0.627344
249	16	0.737797
250	42	0.943924
251	4	1.000000
252	8	0.610421
253	47	0.982081
254	16	0.684511
255	4	0.990208
256	13	0.788748
257	4	0.955726
258	16	0.939964
259	33	0.962147
260	2	0.985368
261	23	0.782771
262	33	0.999972
263	44	0.992493
264	11	0.999976
265	19	0.634862
266	42	0.448322
267	33	0.821043
268	4	0.435423
269	23	0.988450
270	2	0.994682
271	30	1.000000
272	30	0.995205
273	9	0.909805
274	23	0.513513
275	46	1.000000
276	19	0.747094
277	44	0.962025
278	26	0.714670
279	11	0.631470
280	17	0.993946
281	18	1.000000
282	45	0.951944
283	11	0.554666
284	4	0.956373
285	16	0.930592
286	45	0.999106
287	6	0.931133
288	47	0.563828
289	31	0.998793
290	15	0.981541
291	5	0.668569
292	31	0.864474
293	37	0.986733
294	23	0.914360
295	15	0.992802
296	39	0.480180
297	18	0.953624
298	12	0.750044
299	26	0.636437
300	22	0.999929
301	18	0.969846
302	44	0.993620
303	23	0.821847
304	34	0.991578
305	12	0.501671
306	32	0.954454
307	23	0.783968
308	31	0.995050
309	10	0.958825
310	5	0.990237
311	47	0.382150
312	6	0.853771
313	5	0.989225
314	46	0.577740
315	39	0.809162
316	26	0.994278
317	42	0.999291
318	15	0.976643
319	8	0.991207
320	39	0.974901
321	18	0.998133
322	28	0.992160
323	10	0.431260
324	45	0.730759
325	5	0.584786
326	31	0.377771
327	45	0.969352
328	9	0.709152
329	37	0.429517
330	25	0.999780
331	37	0.900215
332	11	0.953513
333	18	0.841938
334	39	0.767960
335	19	0.999756
336	25	0.999255
337	47	0.914461
338	9	0.926486
339	3	0.837864
340	39	0.824344
341	8	0.740088
342	3	0.658918
343	18	0.913954
344	39	0.999999
345	1	0.814894
346	4	0.769536
347	25	0.912163
348	42	0.957013
349	37	0.956075
350	32	0.891050
351	10	0.596567
352	9	0.995400
353	7	0.578900
354	34	0.686967
355	1	0.605998
356	36	0.967498
357	45	0.979735
358	15	0.975068
359	2	0.959330
360	47	0.776788
361	17	0.540932
362	9	0.981214
363	32	0.875022
364	30	0.990509
365	41	0.590904
366	27	0.972733
367	39	0.998361
368	37	0.948261
369	48	0.671909
370	15	0.975284
371	18	0.883093
372	2	0.552997
373	39	0.663566
374	43	0.841017
375	14	0.777968
376	35	0.376413
377	27	0.990643
378	19	0.959847
379	46	0.995906
380	16	0.916273
381	23	0.978794
382	19	0.979633
383	11	0.971560
384	31	0.972447
385	5	0.980488
386	2	0.511843
387	1	0.992752
388	34	0.751016
389	4	0.993770
390	41	0.595236
391	19	0.502898
392	7	0.818995
393	23	0.545191
394	30	0.418477
395	2	0.527206
396	15	0.999999
397	31	0.730695
398	23	0.992968
399	26	0.984391
400	22	0.745528
401	11	0.782667
402	7	0.810719
403	44	0.993895
404	30	0.977426
405	27	0.840592
406	18	0.998702
407	12	0.536369
408	46	0.991537
409	19	0.438708
410	21	0.994979
411	20	0.761978
412	18	0.983062
413	12	0.460393
414	8	0.962271
415	19	0.732035
416	9	0.977590
417	16	0.990875
418	43	0.534097
419	22	0.394990
420	1	0.891705
421	23	0.512588
422	27	0.993344
423	12	0.974541
424	21	0.500411
425	1	0.799664
426	30	0.677816
427	46	0.510047
428	30	0.992214
429	34	0.715226
430	13	0.706419
431	16	0.852779
432	37	0.994949
433	6	0.358461
434	1	0.796153
435	9	0.994223
436	8	0.477452
437	37	0.982721
438	3	0.858092
439	37	0.593918
440	12	0.656028
441	16	0.669717
442	1	0.538734
443	10	0.890600
444	18	0.922718
445	22	0.989349
446	34	0.851763
447	45	0.709883
448	39	0.928504
449	1	0.710234
450	18	0.620144
451	45	0.989303
452	28	0.603208
453	17	0.608893
454	16	0.865147
455	33	0.914226
456	46	0.651952
457	45	0.993590
458	21	0.448584
459	34	0.599186
460	1	0.976288
461	23	0.413330
462	21	0.972333
463	5	0.725618
464	33	0.381270
465	37	0.592052
466	37	0.991475
467	2	0.998259
468	21	0.902586
469	46	0.676607
470	37	0.872293
471	21	0.982015
472	2	0.616814
473	46	0.688073
474	48	0.957017
475	31	0.973619
476	15	0.983397
477	17	0.964679
478	26	0.683938
479	19	0.841871
480	36	0.236412
481	17	0.980204
482	8	0.962340
483	45	0.657249
484	25	0.998873
485	33	0.977098
486	8	0.834106
487	21	0.525265
488	36	0.642933
489	17	0.992770
490	7	0.980349
491	24	1.000000
492	35	0.594431
493	17	0.983756
494	35	0.769482
495	17	0.938224
496	27	0.655038
497	2	0.662788
498	2	0.551166
499	46	0.987069
500	16	0.997900
501	18	1.000000
502	32	0.892916
503	34	0.362327
504	18	0.588339
505	33	0.738614
506	13	0.591913
507	45	0.955051
508	23	0.974424
509	24	0.997002
510	16	0.986599
511	3	0.446192
512	18	0.939312
513	41	0.944176
514	48	0.470118
515	45	0.993769
516	11	0.964328
517	33	0.942107
518	46	0.927370
519	12	0.947383
520	27	0.470689
521	16	0.996222
522	2	0.565214
523	48	0.867419
524	11	0.546737
525	32	0.996330
526	30	0.933997
527	17	0.994698
528	28	0.973702
529	44	0.994675
530	44	0.978557
531	44	0.982917
532	45	0.842377
533	2	0.997678
534	46	0.991727
535	4	0.867850
536	33	0.755539
537	44	0.839524
538	11	0.979478
539	40	0.618168
540	34	0.785940
541	22	0.994319
542	23	0.723977
543	21	0.998501
544	41	0.836344
545	21	0.813124
546	31	0.642750
547	42	0.396404
548	27	0.843187
549	9	0.986768
550	11	0.899650
551	33	0.942291
552	17	0.737100
553	11	0.970780
554	40	0.716697
555	22	0.548890
556	25	0.997645
557	44	0.957392
558	24	0.402053
559	8	0.714462
560	44	0.982211
561	11	0.513974
562	23	0.859432
563	3	0.780227
564	8	0.996317
565	12	0.919257
566	41	0.980816
567	38	0.953170
568	23	0.680302
569	37	0.624681
570	33	0.949520
571	38	0.978269
572	33	0.614567
573	18	0.999267
574	9	0.972779
575	16	0.662873
576	31	0.915450
577	19	0.738999
578	4	0.987946
579	23	0.746633
580	44	0.662817
581	45	0.901934
582	45	0.526270
583	33	0.992962
584	16	0.514985
585	1	0.493564
586	2	0.677589
587	2	0.539129
588	44	0.989018
589	19	0.832079
590	25	0.979443
591	16	0.989148
592	21	0.999995
593	26	0.617711
594	7	0.772793
595	32	0.991594
596	23	0.896739
597	6	0.325292
598	46	0.699107
599	9	0.908505
600	14	0.737693
601	39	0.564745
602	1	0.985662
603	11	0.743493
604	23	0.988409
605	23	0.938214
606	19	0.501446
607	11	0.550730
608	11	0.987575
609	22	0.963600
610	18	0.689226
611	5	0.922219
612	41	0.798774
613	1	0.901234
614	30	0.991571
615	12	0.951941
616	3	0.877693
617	42	0.963973
618	16	0.891003
619	11	0.971533
620	45	0.991082
621	6	0.609700
622	44	0.473474
623	21	0.985093
624	30	0.956674
625	46	0.655833
626	2	0.547163
627	29	0.966843
628	45	0.844272
629	12	0.982092
630	18	0.999920
631	35	0.999993
632	25	0.991752
633	13	0.985795
634	9	0.987702
635	18	0.981129
636	25	1.000000
637	33	0.609853
638	36	0.362358
639	7	0.972643
640	8	0.478417
641	33	0.959262
642	45	0.501550
643	34	0.749575
644	45	0.368692
645	2	0.999995
646	11	0.999254
647	26	0.996199
648	2	0.994065
649	2	0.635412
650	18	0.573262
651	26	1.000000
652	18	0.602365
653	1	0.901400
654	41	0.601179
655	28	0.386339
656	31	0.509200
657	12	0.961532
658	7	0.788635
659	36	0.261482
660	17	0.984912
661	20	0.692528
662	1	0.939926
663	46	0.998888
664	17	0.985860
665	3	0.875208
666	45	0.760196
667	4	0.532846
668	16	0.999912
669	31	0.323487
670	2	0.985614
671	30	0.974144
672	40	0.826923
673	9	0.643468
674	18	0.951801
675	32	0.884885
676	12	0.989675
677	19	0.456374
678	1	0.976405
679	18	0.478498
680	9	0.994557
681	17	0.527270
682	22	0.565591
683	5	0.984365
684	38	0.806867
685	8	0.807275
686	30	0.847144
687	8	0.996746
688	42	0.587572
689	45	0.889587
690	18	0.326577
691	15	0.993417
692	39	0.974465
693	4	0.820821
694	45	0.871542
695	39	0.826970
696	7	0.517849
697	16	0.374069
698	21	0.968484
699	3	0.868746
700	5	0.998752
701	23	0.501695
702	34	0.882486
703	4	0.951070
704	48	0.866331
705	46	0.997039
706	26	0.984359
707	11	0.980982
708	13	0.860064
709	46	0.845383
710	45	0.739898
711	48	0.872781
712	44	0.994620
713	39	0.960848
714	42	0.488401
715	46	0.660201
716	37	0.982668
717	10	0.987865
718	34	0.856900
719	36	0.882550
720	30	0.999995
721	11	0.454236
722	24	0.994237
723	48	0.881739
724	45	0.992935
725	9	0.398356
726	1	0.490819
727	12	0.936246
728	1	0.788288
729	45	0.989173
730	21	0.618663
731	7	0.979613
732	37	0.972226
733	32	0.904769
734	46	0.510555
735	42	0.985188
736	18	0.736925
737	37	0.890418
738	28	0.676581
739	4	0.837478
740	45	0.874304
741	8	0.995684
742	4	0.997679
743	41	0.999943
744	2	0.954522
745	21	0.920529
746	6	0.763326
747	17	0.984903
748	37	0.972358
749	18	0.999868
750	8	0.996405
751	16	0.580648
752	7	0.786840
753	28	0.783632
754	4	0.512977
755	11	0.471096
756	12	0.582464
757	28	0.994204
758	6	0.988586
759	8	0.997457
760	10	0.980750
761	45	0.995021
762	44	0.992409
763	19	0.710240
764	45	0.661295
765	1	0.882909
766	47	0.990588
767	38	0.902420
768	46	0.911452
769	5	0.942507
770	17	0.990191
771	5	0.589460
772	18	0.900450
773	7	0.995729
774	34	0.954112
775	9	0.898565
776	5	0.994892
777	17	0.989928
778	9	0.990203
779	2	0.999679
780	21	0.718360
781	19	0.746708
782	34	0.807510
783	16	0.801501
784	16	0.919411
785	33	0.597580
786	15	0.768254
787	42	0.806951
788	31	0.999426
789	4	0.516002
790	1	0.376769
791	40	0.338971
792	44	0.919558
793	12	0.977653
794	2	0.965397
795	43	0.930876
796	12	0.731949
797	5	0.975835
798	2	0.663700
799	2	0.999999
800	11	0.960305
801	33	0.997110
802	4	0.402297
803	42	0.640103
804	2	0.977229
805	44	0.972769
806	45	0.995553
807	27	0.754655
808	28	0.975191
809	1	0.371696
810	26	0.955987
811	34	0.964959
812	11	0.350034
813	11	0.528444
814	42	0.994767
815	46	0.995220
816	48	0.869892
817	21	0.902249
818	33	0.993004
819	7	0.546183
820	7	0.999598
821	44	0.986254
822	6	0.980646
823	17	0.993934
824	37	0.998791
825	11	0.411638
826	8	0.714136
827	47	0.778705
828	23	0.999729
829	5	0.916753
830	33	0.992446
831	7	0.997136
832	26	0.950092
833	37	0.974914
834	18	0.988844
835	44	0.977173
836	38	0.802870
837	12	0.990179
838	38	0.488039
839	18	0.599556
840	8	0.860603
841	23	0.964218
842	19	0.748035
843	8	0.993667
844	33	0.734917
845	5	0.546596
846	33	0.930066
847	18	0.964699
848	37	0.417494
849	45	0.924136
850	42	0.901325
851	21	0.725678
852	11	0.615524
853	34	0.954564
854	41	0.996250
855	16	0.999990
856	45	0.453502
857	11	0.976337
858	18	0.598950
859	37	0.988948
860	12	0.935798
861	18	0.985646
862	1	0.941016
863	34	0.814726
864	33	0.826715
865	40	0.578732
866	9	0.990432
867	2	0.995628
868	32	0.975145
869	23	0.827687
870	36	1.000000
871	41	0.553139
872	12	0.899606
873	8	0.968528
874	7	0.944799
875	1	0.751742
876	8	1.000000
877	11	0.627030
878	17	0.985243
879	37	0.994395
880	43	0.699978
881	16	0.992558
882	23	0.907258
883	18	0.991357
884	26	0.992112
885	12	0.447807
886	34	0.629901
887	32	0.878689
888	17	0.990909
889	37	0.672951
890	4	0.989152
891	47	0.949971
892	5	0.988225
893	16	0.690376
894	19	0.658685
895	2	0.999973
896	32	0.668510
897	1	0.994191
898	16	0.988302
899	46	0.828540
900	13	0.838859
901	45	0.764589
902	27	0.845700
903	9	0.683439
904	1	0.839271
905	41	0.968466
906	36	0.987194
907	45	0.999032
908	18	0.979019
909	33	0.985819
910	41	0.565661
911	16	0.952572
912	31	0.870635
913	21	0.883374
914	22	0.496436
915	6	0.602476
916	25	0.980599
917	17	0.980653
918	32	0.902318
919	9	0.988216
920	3	0.960807
921	32	0.890157
922	15	0.728140
923	43	0.924101
924	23	0.857282
925	47	0.990798
926	6	0.302392
927	33	0.839806
928	6	0.414622
929	17	0.991357
930	9	0.529446
931	45	0.719915
932	9	0.874167
933	26	0.624175
934	16	0.905064
935	21	0.959919
936	23	0.990404
937	12	0.569232
938	46	0.845635
939	41	1.000000
940	33	0.887238
941	27	0.837842
942	23	0.991968
943	47	0.788168
944	9	0.773975
945	16	0.948012
946	17	0.968051
947	20	0.961680
948	38	0.735395
949	45	0.983057
950	23	0.932414
951	13	0.930704
952	16	0.813142
953	38	0.504517
954	6	0.958896
955	23	0.684879
956	9	0.660175
957	21	0.869000
958	9	0.962300
959	42	0.993890
960	38	0.946381
961	10	0.794657
962	18	1.000000
963	15	0.979051
964	28	0.821230
965	45	0.972686
966	33	0.489597
967	2	0.977894
968	17	0.984007
969	31	0.560526
970	19	0.999097
971	37	0.967103
972	5	0.720403
973	47	0.985498
974	23	0.973909
975	44	0.906975
976	2	0.994975
977	36	0.985867
978	16	0.947491
979	6	0.359669
980	9	0.985663
981	37	0.993859
982	21	0.986681
983	27	0.843162
984	37	0.879688
985	18	0.915986
986	22	0.949039
987	2	0.548715
988	26	0.999943
989	9	0.756476
990	39	0.948843
991	42	0.793224
992	2	1.000000
993	37	0.816574
994	5	0.570856
995	1	0.524447
996	1	0.547841
997	27	0.842240
998	21	0.985409
999	33	0.686995
1000	23	0.775564
1001	28	1.000000
1002	23	0.848106
1003	16	0.797066
1004	30	0.993720
1005	10	0.503172
1006	20	0.933805
1007	47	0.963830
1008	12	0.971132
1009	1	0.497895
1010	9	0.976522
1011	2	0.538189
1012	48	0.873863
1013	18	0.995490
1014	27	0.999018
1015	33	0.877280
1016	6	0.989277
1017	27	0.924649
1018	23	0.952385
1019	8	0.478353
1020	20	0.957839
1021	1	0.760700
1022	12	0.367042
1023	17	0.991546
1024	19	0.481738
1025	41	0.935949
1026	48	0.867413
1027	47	0.383904
1028	26	0.699862
1029	18	0.974649
1030	45	0.999997
1031	1	0.959733
1032	18	0.973208
1033	15	0.898183
1034	44	0.985276
1035	39	0.627498
1036	8	1.000000
1037	46	1.000000
1038	45	0.880582
1039	25	0.764542
1040	48	0.561428
1041	33	0.975208
1042	8	0.968565
1043	37	0.525818
1044	23	0.621368
1045	34	0.916450
1046	26	0.336784
1047	16	0.665439
1048	45	0.585225
1049	6	0.989287
1050	37	0.542263
1051	45	0.994151
1052	30	0.998447
1053	37	0.980035
1054	9	0.905291
1055	27	0.822372
1056	12	0.972973
1057	43	0.927271
1058	42	0.962762
1059	16	0.659733
1060	40	0.862782
1061	22	0.811008
1062	23	0.852742
1063	42	0.523457
1064	23	0.987493
1065	45	0.928856
1066	48	0.884729
1067	39	0.989156
1068	15	0.732679
1069	13	0.774996
1070	23	0.966251
1071	25	0.523264
1072	1	0.469721
1073	48	0.866121
1074	30	0.988033
1075	34	0.989146
1076	28	0.995900
1077	11	0.949003
1078	1	0.942570
1079	28	0.747090
1080	22	0.944750
1081	12	0.754802
1082	18	0.998319
1083	34	0.751312
1084	34	0.851898
1085	23	0.976228
1086	18	0.565779
1087	40	0.931543
1088	42	0.999851
1089	34	0.991758
1090	1	0.940038
1091	37	0.983586
1092	35	0.999998
1093	12	0.947710
1094	37	0.891853
1095	32	0.891352
1096	46	0.846155
1097	44	0.980223
1098	33	0.665900
1099	39	0.999064
1100	31	0.689067
1101	1	0.364502
1102	47	0.832626
1103	11	0.964496
1104	34	0.792686
1105	30	0.918145
1106	41	0.999965
1107	16	0.994417
1108	47	0.994154
1109	45	0.877058
1110	12	0.981135
1111	33	0.999993
1112	44	0.991363
1113	30	0.984272
1114	19	0.476473
1115	2	0.992710
1116	37	0.969086
1117	11	0.997934
1118	28	0.818131
1119	42	0.986764
1120	23	0.584424
1121	44	0.993139
1122	35	0.808430
1123	46	0.999812
1124	1	0.991188
1125	9	0.997484
1126	22	0.939756
1127	46	0.781613
1128	1	0.894537
1129	41	0.999975
1130	37	0.927488
1131	33	0.927114
1132	2	0.999666
1133	41	0.804103
1134	9	0.924322
1135	47	0.775135
1136	11	0.972223
1137	21	0.967416
1138	17	0.979988
1139	45	0.703275
1140	6	0.984647
1141	37	0.629150
1142	26	0.999995
1143	45	0.883829
1144	31	0.991893
1145	12	0.372104
1146	18	0.824235
1147	48	0.996269
1148	9	0.528847
1149	40	0.873961
1150	7	0.717280
1151	34	0.932048
1152	48	0.872035
1153	21	0.949213
1154	13	0.623995
1155	12	0.639870
1156	19	0.977498
1157	34	0.656985
1158	12	0.979655
1159	2	0.999953
1160	31	0.993007
1161	9	0.989511
1162	33	0.630764
1163	18	0.458173
1164	16	0.482015
1165	19	0.984464
1166	30	0.999933
1167	15	0.742383
1168	18	0.994929
1169	24	0.868392
1170	4	0.998422
1171	16	0.325237
1172	21	0.994443
1173	44	0.941815
1174	43	0.926651
1175	45	0.990151
1176	31	0.453184
1177	5	0.967815
1178	20	0.799336
1179	11	0.928039
1180	42	0.817966
1181	3	0.864149
1182	45	0.993285
1183	18	0.966269
1184	7	0.568977
1185	46	0.999999
1186	4	0.910810
1187	45	0.778434
1188	11	0.999765
1189	14	0.788561
1190	8	0.474920
1191	25	0.984212
1192	11	0.959457
1193	37	0.971774
1194	33	0.744615
1195	44	0.981176
1196	17	0.988778
1197	41	0.683586
1198	12	0.960845
1199	26	0.690455
1200	2	0.999860
1201	45	0.745102
1202	18	0.951554
1203	4	0.845426
1204	19	0.999967
1205	25	0.999996
1206	40	0.901299
1207	33	0.989355
1208	34	0.826323
1209	44	0.989650
1210	10	0.890263
1211	46	0.945575
1212	46	0.999999
1213	7	0.985979
1214	33	0.563535
1215	13	0.991514
1216	16	0.843357
1217	24	0.771388
1218	46	0.518240
1219	39	0.732756
1220	3	0.890679
1221	22	0.978733
1222	18	0.610474
1223	37	0.986628
1224	26	0.494647
1225	44	0.973596
1226	20	0.795350
1227	16	0.932112
1228	44	0.989686
1229	2	0.640535
1230	18	0.676670
1231	1	0.589498
1232	15	0.999381
1233	37	0.968907
1234	3	0.870127
1235	15	0.962602
1236	1	0.582471
1237	33	0.574909
1238	44	0.949672
1239	26	0.817657
1240	12	0.357721
1241	42	1.000000
1242	17	0.652801
1243	46	0.560419
1244	6	0.999557
1245	5	0.980441
1246	45	1.000000
1247	44	0.989588
1248	10	0.936490
1249	33	0.983448
1250	42	0.369255
1251	11	0.917680
1252	37	0.984132
1253	23	0.907297
1254	4	0.770850
1255	7	0.814785
1256	17	0.652957
1257	33	0.991953
1258	10	0.537809
1259	16	0.964939
1260	11	0.818320
1261	22	0.611670
1262	39	0.927179
1263	15	0.995858
1264	33	0.993864
1265	2	0.972549
1266	5	0.581117
1267	13	0.953452
1268	24	0.403477
1269	21	0.990538
1270	26	0.887120
1271	2	0.799467
1272	8	0.810848
1273	1	0.881321
1274	31	0.990593
1275	13	0.762163
1276	46	0.989701
1277	45	0.965861
1278	37	0.807206
1279	26	0.742830
1280	34	0.666557
1281	16	0.662141
1282	4	0.963972
1283	45	0.977403
1284	44	0.995618
1285	42	0.730744
1286	47	0.444124
1287	16	0.893278
1288	39	0.826109
1289	46	0.993838
1290	12	0.834129
1291	8	0.999999
1292	19	0.679871
1293	34	0.942526
1294	18	0.995113
1295	7	0.510591
1296	7	0.994632
1297	34	0.905285
1298	7	0.979215
1299	35	0.968382
1300	23	0.960426
1301	43	0.835848
1302	34	0.990295
1303	18	0.999047
1304	6	0.997302
1305	2	0.571001
1306	2	0.459581
1307	43	0.529811
1308	23	0.858385
1309	9	0.871844
1310	34	0.918275
1311	25	0.999966
1312	16	0.998872
1313	38	0.756538
1314	20	0.837905
1315	33	0.999229
1316	42	0.507513
1317	15	0.992664
1318	37	0.572105
1319	23	0.850519
1320	33	0.668351
1321	35	0.757577
1322	33	0.608626
1323	2	0.689483
1324	5	0.537171
1325	11	0.963368
1326	34	0.757825
1327	4	0.253852
1328	37	0.686066
1329	1	0.544206
1330	13	0.336602
1331	23	0.977730
1332	13	0.545208
1333	41	0.822788
1334	33	0.715400
1335	33	0.935563
1336	9	0.941946
1337	1	0.997308
1338	2	0.603479
1339	17	0.989637
1340	33	0.596995
1341	2	0.989655
1342	34	0.739204
1343	27	0.844686
1344	30	0.983547
1345	12	0.943219
1346	45	0.421184
1347	39	0.819550
1348	10	0.646900
1349	46	0.757117
1350	23	0.787169
1351	30	0.999877
1352	37	0.885643
1353	18	0.999997
1354	45	0.593281
1355	16	0.431106
1356	44	0.977757
1357	23	0.420629
1358	1	0.526078
1359	37	0.876651
1360	33	0.696873
1361	31	0.991977
1362	34	0.853539
1363	45	0.385556
1364	19	0.746813
1365	47	0.997826
1366	23	0.918795
1367	19	0.468084
1368	19	0.812740
1369	19	0.388390
1370	37	0.998980
1371	9	0.996122
1372	33	0.585358
1373	23	0.853848
1374	16	0.876914
1375	26	0.992615
1376	3	0.526146
1377	11	0.995802
1378	23	0.912883
1379	2	0.591665
1380	23	0.953005
1381	34	0.907401
1382	32	0.938876
1383	22	0.822639
1384	41	0.989891
1385	2	0.994847
1386	37	0.999964
1387	23	0.983532
1388	9	0.999614
1389	11	0.994421
1390	12	0.777901
1391	38	0.926365
1392	37	0.851055
1393	45	0.983105
1394	21	0.996006
1395	13	0.638842
1396	4	0.554254
1397	9	0.946175
1398	44	0.995829
1399	2	0.979871
1400	15	0.936631
1401	45	0.992977
1402	48	0.990053
1403	21	0.945930
1404	33	0.792552
1405	1	0.720463
1406	12	0.353206
1407	34	0.911719
1408	21	0.994420
1409	17	0.783615
1410	33	0.981707
1411	25	0.997685
1412	45	0.998678
1413	12	0.817091
1414	18	0.582443
1415	46	0.956333
1416	33	0.573860
1417	17	0.992465
1418	44	0.989001
1419	47	0.973600
1420	23	0.923733
1421	9	0.998504
1422	47	0.792831
1423	28	0.835023
1424	46	0.787999
1425	7	0.999860
1426	1	0.988883
1427	34	0.922616
1428	39	0.936748
1429	8	0.799326
1430	16	0.964725
1431	1	0.988435
1432	42	0.660429
1433	37	0.948257
1434	24	0.855200
1435	18	0.912900
1436	1	0.457350
1437	11	0.736667
1438	16	0.947341
1439	14	0.777158
1440	15	0.428597
1441	29	0.434450
1442	42	0.867596
1443	32	0.979091
1444	16	0.904958
1445	44	0.992451
1446	28	0.887199
1447	39	0.814903
1448	45	0.740823
1449	26	1.000000
1450	26	0.993403
1451	17	0.988876
1452	2	0.593693
1453	6	0.471460
1454	44	0.674162
1455	30	1.000000
1456	22	0.995649
1457	41	0.603362
1458	14	0.781889
1459	12	0.974460
1460	37	0.684223
1461	48	0.951042
1462	3	0.792478
1463	25	0.748618
1464	45	0.979108
1465	11	0.819034
1466	27	0.835770
1467	46	0.999976
1468	5	0.464094
1469	33	1.000000
1470	17	0.987126
1471	11	0.921522
1472	30	0.999992
1473	9	0.999177
1474	36	0.987938
1475	29	0.884866
1476	16	0.970614
1477	47	0.780790
1478	9	0.999998
1479	4	0.968238
1480	11	0.977453
1481	30	0.566509
1482	40	0.922777
1483	46	0.962043
1484	17	0.746791
1485	33	0.991959
1486	8	0.988445
1487	27	0.851380
1488	33	0.624020
1489	44	0.988532
1490	5	0.984749
1491	33	0.994135
1492	23	0.852670
1493	30	0.927357
1494	29	0.889242
1495	29	0.999986
1496	12	0.944147
1497	10	0.982085
1498	9	0.495989
1499	28	0.997530
1500	18	0.986438
1501	16	0.912677
1502	2	1.000000
1503	16	0.999039
1504	1	0.728125
1505	2	0.553238
1506	18	0.560719
1507	39	0.995573
1508	16	1.000000
1509	7	0.832540
1510	18	0.999071
1511	44	0.747771
1512	23	0.938308
1513	17	0.981935
1514	11	0.737906
1515	35	0.609478
1516	9	0.978722
1517	10	0.801614
1518	3	0.559385
1519	37	0.943979
1520	18	0.995515
1521	22	0.986666
1522	26	0.946100
1523	34	0.526954
1524	42	0.961458
1525	42	0.993947
1526	45	0.992880
1527	34	0.921630
1528	45	0.863868
1529	45	0.884217
1530	25	0.766895
1531	22	0.812168
1532	13	0.980117
1533	11	0.724880
1534	7	0.982047
1535	13	0.985184
1536	4	0.384803
1537	13	0.943756
1538	15	0.953359
1539	48	0.889278
1540	36	0.542975
1541	30	0.590074
1542	7	0.614569
1543	20	0.940639
1544	16	0.989393
1545	9	0.999495
1546	16	0.687256
1547	10	0.992825
1548	11	0.884735
1549	45	0.985500
1550	38	0.996279
1551	31	0.989875
1552	18	0.795955
1553	44	0.995272
1554	17	0.948128
1555	15	0.698277
1556	46	0.847142
1557	4	0.917654
1558	45	0.959892
1559	27	0.923628
1560	45	0.972359
1561	7	0.600728
1562	16	0.973551
1563	44	0.962608
1564	24	0.856683
1565	34	0.583616
1566	31	0.769518
1567	43	0.930762
1568	23	0.464222
1569	8	0.394605
1570	5	0.987355
1571	20	0.820433
1572	6	0.985576
1573	42	0.654934
1574	15	0.958122
1575	13	0.722138
1576	25	0.929217
1577	9	0.971953
1578	40	0.625054
1579	11	0.967106
1580	45	0.910934
1581	14	0.534137
1582	5	0.996083
1583	28	0.961157
1584	25	0.982308
1585	8	0.999998
1586	34	0.847674
1587	31	0.496858
1588	12	0.906562
1589	10	0.797540
1590	37	0.998622
1591	36	0.999998
1592	3	0.725351
1593	45	0.998532
1594	22	0.971023
1595	38	0.865842
1596	12	0.953299
1597	20	0.548927
1598	33	0.778845
1599	47	0.794227
1600	20	0.974448
1601	4	0.814558
1602	5	0.944637
1603	12	0.799965
1604	13	0.930006
1605	22	0.776186
1606	7	0.371123
1607	38	0.702458
1608	7	1.000000
1609	23	0.827122
1610	45	0.869444
1611	21	0.997004
1612	25	0.637624
1613	13	0.536707
1614	37	0.894082
1615	22	0.450309
1616	16	0.878069
1617	32	0.878679
1618	2	0.525523
1619	45	0.943126
1620	11	0.788356
1621	37	0.928547
1622	38	0.946529
1623	7	0.981388
1624	47	0.999983
1625	6	0.831841
1626	37	0.830922
1627	23	0.535707
1628	23	0.953209
1629	10	0.977888
1630	10	0.893903
1631	38	0.526506
1632	2	0.568392
1633	28	0.823468
1634	23	0.974065
1635	3	0.669042
1636	12	0.433183
1637	24	0.998775
1638	21	0.992144
1639	33	0.603676
1640	37	0.893410
1641	23	0.913398
1642	25	0.999910
1643	11	0.887158
1644	16	0.983061
1645	5	0.561199
1646	44	0.787729
1647	34	0.957399
1648	26	0.989372
1649	31	0.402244
1650	8	0.623007
1651	46	0.996784
1652	33	0.590745
1653	33	0.870326
1654	8	1.000000
1655	44	0.905850
1656	30	0.890094
1657	32	0.877262
1658	9	0.987899
1659	19	0.746993
1660	33	0.977339
1661	34	0.738666
1662	18	0.999742
1663	4	0.565105
1664	45	0.989411
1665	13	0.693890
1666	16	1.000000
1667	12	0.555735
1668	41	0.482547
1669	23	0.951009
1670	21	0.608412
1671	34	0.861877
1672	13	0.661268
1673	33	0.499744
1674	21	0.726544
1675	1	0.380345
1676	5	0.662287
1677	6	0.427110
1678	23	0.646349
1679	33	0.435242
1680	45	0.995055
1681	18	0.999976
1682	12	0.974935
1683	18	0.865355
1684	5	0.804810
1685	33	0.562260
1686	1	0.938326
1687	10	0.877401
1688	40	0.417602
1689	1	0.989555
1690	34	0.661358
1691	47	0.389722
1692	45	0.390641
1693	9	0.976264
1694	23	0.963029
1695	45	0.983788
1696	2	0.987758
1697	27	0.818632
1698	42	0.999822
1699	23	0.996285
1700	45	0.619426
1701	26	0.590482
1702	40	0.410572
1703	41	0.534792
1704	22	0.973104
1705	19	0.933303
1706	47	0.998548
1707	5	0.983109
1708	11	1.000000
1709	12	0.665304
1710	2	0.934066
1711	16	0.994759
1712	17	0.993037
1713	2	0.784486
1714	37	0.996898
1715	19	0.968282
1716	22	0.998757
1717	34	0.994206
1718	44	0.989799
1719	39	0.595430
1720	34	0.903701
1721	39	0.781983
1722	7	0.321299
1723	37	0.767295
1724	30	1.000000
1725	46	1.000000
1726	33	0.828287
1727	47	0.991992
1728	33	0.728597
1729	34	0.307163
1730	16	0.975583
1731	15	0.992989
1732	15	0.887201
1733	45	0.971276
1734	38	0.943839
1735	14	0.575435
1736	37	0.918747
1737	34	0.533943
1738	8	0.392951
1739	42	0.997932
1740	10	0.891180
1741	2	0.618875
1742	10	0.455022
1743	45	0.970012
1744	5	0.757629
1745	9	0.964634
1746	10	0.841363
1747	39	0.778754
1748	11	0.848715
1749	2	0.910602
1750	10	0.895326
1751	43	0.930592
1752	17	0.977337
1753	40	0.930995
1754	16	0.935357
1755	45	0.983738
1756	33	0.563475
1757	22	0.521613
1758	5	0.951820
1759	34	0.958791
1760	2	0.357306
1761	9	0.990182
1762	19	0.985643
1763	26	0.929956
1764	46	1.000000
1765	33	0.742975
1766	23	0.890089
1767	34	0.714889
1768	45	0.999999
1769	40	0.707957
1770	28	0.986664
1771	6	0.714678
1772	16	0.570916
1773	2	0.999275
1774	9	0.724920
1775	9	0.877458
1776	19	0.820433
1777	46	0.965423
1778	20	0.603032
1779	19	0.554894
1780	46	0.993593
1781	33	0.432790
1782	18	0.356333
1783	12	0.949653
1784	26	0.988046
1785	17	0.977628
1786	9	0.774376
1787	18	0.977336
1788	18	0.946193
1789	1	0.691699
1790	16	0.612311
1791	35	0.813934
1792	19	1.000000
1793	26	0.990122
1794	5	0.987539
1795	37	0.994054
1796	21	0.997208
1797	46	0.665480
1798	21	0.830786
1799	45	0.861641
1800	16	0.987847
1801	37	0.981932
1802	45	0.966373
1803	2	0.999977
1804	23	0.831673
1805	1	0.848988
1806	25	0.999349
1807	31	0.745070
1808	45	0.993585
1809	46	0.999651
1810	7	0.647617
1811	32	0.884440
1812	45	0.631890
1813	12	0.880116
1814	37	0.885320
1815	26	0.999997
1816	11	0.843628
1817	21	0.868712
1818	45	0.690833
1819	2	0.999994
1820	12	0.427569
1821	11	0.975296
1822	31	0.430225
1823	16	0.979943
1824	16	0.897965
1825	16	0.938443
1826	4	0.991205
1827	42	0.972487
1828	19	0.536540
1829	36	0.992786
1830	33	0.840692
1831	23	0.878087
1832	45	0.902414
1833	44	0.465019
1834	39	0.904587
1835	45	0.884755
1836	44	0.989408
1837	35	0.321094
1838	37	0.982197
1839	46	0.688894
1840	1	0.412896
1841	34	0.845234
1842	38	0.999257
1843	47	0.381726
1844	20	0.730409
1845	16	0.996521
1846	8	0.794218
1847	45	0.961234
1848	38	0.478097
1849	18	0.434457
1850	48	0.516411
1851	45	0.979105
1852	45	0.982029
1853	21	0.724978
1854	23	0.824653
1855	42	0.728004
1856	6	0.996332
1857	34	0.845899
1858	26	0.987835
1859	22	0.989377
1860	45	0.995120
1861	34	0.957298
1862	21	0.974373
1863	43	0.667636
1864	34	0.902825
1865	39	0.962210
1866	43	0.945427
1867	11	0.968473
1868	27	0.678434
1869	45	0.850655
1870	46	0.998456
1871	30	1.000000
1872	17	0.982800
1873	16	0.782920
1874	36	0.999120
1875	21	0.989709
1876	42	0.548416
1877	18	0.963253
1878	31	0.570673
1879	46	0.782863
1880	2	0.716708
1881	17	0.532444
1882	28	1.000000
1883	2	0.967774
1884	11	0.803194
1885	16	0.986171
1886	18	0.999567
1887	46	0.999997
1888	4	0.990981
1889	12	0.952560
1890	8	0.476035
1891	34	0.855219
1892	25	0.768614
1893	46	0.995338
1894	34	0.843500
1895	46	0.960790
1896	16	0.671131
1897	28	0.773213
1898	11	0.914134
1899	47	0.994913
1900	1	0.992610
1901	45	0.999938
1902	8	0.477068
1903	2	0.998534
1904	43	0.928830
1905	5	0.814119
1906	11	0.929952
1907	40	0.994837
1908	47	0.386694
1909	19	0.676908
1910	44	0.931498
1911	21	0.941229
1912	25	1.000000
1913	18	0.901990
1914	37	0.528983
1915	16	0.738622
1916	39	0.912965
1917	34	0.844576
1918	10	0.980027
1919	42	0.450486
1920	19	0.980672
1921	46	0.996125
1922	32	0.778624
1923	4	0.469477
1924	24	0.496201
1925	3	0.332957
1926	45	0.842492
1927	10	0.889645
1928	5	0.550350
1929	45	0.890518
1930	22	0.819218
1931	15	0.741325
1932	9	0.938577
1933	1	0.999046
1934	9	0.582521
1935	31	0.714579
1936	24	0.857710
1937	7	0.982938
1938	3	0.835926
1939	16	0.980589
1940	10	0.746443
1941	18	0.948434
1942	21	0.987936
1943	16	0.621639
1944	3	0.968718
1945	11	0.452275
1946	34	0.978595
1947	7	0.645540
1948	18	0.945413
1949	42	0.548951
1950	14	0.998817
1951	19	0.840424
1952	44	0.997323
1953	13	0.992828
1954	44	0.520284
1955	21	0.513220
1956	27	0.993124
1957	27	0.846304
1958	45	0.974863
1959	21	0.990503
1960	33	0.769659
1961	39	0.833594
1962	45	0.746118
1963	42	0.998404
1964	22	0.874886
1965	1	0.794892
1966	45	0.785562
1967	30	0.650985
1968	5	0.945066
1969	1	0.991123
1970	42	0.999999
1971	32	0.988766
1972	37	0.476844
1973	34	0.585078
1974	47	0.998909
1975	13	0.954928
1976	24	0.708202
1977	14	0.845723
1978	46	0.979451
1979	47	0.865113
1980	38	0.576471
1981	16	0.995876
1982	38	0.737187
1983	16	0.774436
1984	34	0.631557
1985	16	0.521401
1986	10	0.420973
1987	43	0.568777
1988	12	0.707693
1989	46	0.755855
1990	21	0.991880
1991	7	0.771672
1992	33	0.752503
1993	19	0.980855
1994	40	0.923323
1995	46	0.904584
1996	26	0.919977
1997	1	0.540172
1998	11	0.853219
1999	31	0.999130
2000	45	0.667563
2001	9	0.995769
2002	24	1.000000
2003	7	0.769162
2004	8	0.475174
2005	19	0.746116
2006	22	0.655162
2007	2	0.913263
2008	33	0.997505
2009	34	0.527200
2010	37	0.558522
2011	42	0.805640
2012	45	0.911909
2013	37	0.960228
2014	33	0.569403
2015	16	0.632557
2016	13	0.778938
2017	43	0.929437
2018	34	0.639378
2019	7	0.984525
2020	16	0.960135
2021	17	0.988377
2022	37	0.607895
2023	45	0.962826
2024	8	0.708855
2025	33	0.716583
2026	3	0.864005
2027	12	0.353663
2028	40	0.787845
2029	40	0.862773
2030	12	0.571718
2031	46	0.986668
2032	3	0.875654
2033	2	0.492748
2034	45	0.979946
2035	3	0.875191
2036	33	0.852937
2037	12	0.862559
2038	33	0.974588
2039	17	0.999963
2040	30	0.949807
2041	32	0.878623
2042	21	0.525202
2043	8	0.497971
2044	23	0.799828
2045	46	0.789930
2046	23	0.980915
2047	38	0.645984
2048	45	0.982019
2049	30	0.999999
2050	4	0.944964
2051	46	0.869744
2052	21	0.994284
2053	6	0.401367
2054	3	0.872789
2055	7	0.955171
2056	17	0.980071
2057	19	0.591847
2058	31	0.893700
2059	19	0.732984
2060	7	0.808891
2061	34	0.981324
2062	12	0.731074
2063	33	0.557571
2064	22	0.772132
2065	16	0.991721
2066	38	0.982427
2067	19	0.748091
2068	43	0.929783
2069	9	0.999999
2070	23	0.851904
2071	23	0.970171
2072	25	0.823274
2073	33	0.505763
2074	8	0.688512
2075	18	0.973164
2076	23	0.704924
2077	4	0.900725
2078	23	0.504238
2079	43	0.929900
2080	30	0.702498
2081	28	0.863923
2082	15	0.836531
2083	24	0.466579
2084	15	0.484862
2085	48	0.525173
2086	12	0.966122
2087	25	0.981030
2088	46	0.716840
2089	45	0.989917
2090	48	0.971283
2091	16	0.435538
2092	23	0.963774
2093	3	0.845043
2094	7	0.999910
2095	38	0.998486
2096	28	0.999943
2097	45	0.935171
2098	46	0.998283
2099	24	0.352485
2100	45	0.830491
2101	19	0.636111
2102	32	0.998680
2103	9	0.775866
2104	11	0.508602
2105	30	0.995350
2106	48	0.997324
2107	23	0.746560
2108	45	0.833491
2109	2	1.000000
2110	11	0.950519
2111	33	0.773868
2112	4	0.996984
2113	11	0.873415
2114	21	0.996311
2115	12	0.639883
2116	17	0.981364
2117	22	0.820871
2118	33	1.000000
2119	9	0.999671
2120	3	0.867818
2121	44	0.994241
2122	30	0.999150
2123	28	0.823131
2124	40	0.868025
2125	18	0.997204
2126	39	0.466212
2127	23	0.978001
2128	41	0.871552
2129	26	0.906991
2130	21	0.936196
2131	23	0.820715
2132	19	0.986413
2133	18	0.979154
2134	13	0.925322
2135	8	0.545277
2136	23	0.981574
2137	18	0.997739
2138	8	0.941585
2139	45	0.833706
2140	28	0.598283
2141	1	0.979412
2142	17	0.995166
2143	37	0.955989
2144	26	1.000000
2145	19	0.997020
2146	43	0.703368
2147	1	0.811998
2148	40	0.409129
2149	19	0.746650
2150	30	0.997935
2151	32	0.544887
2152	27	0.847078
2153	31	0.492828
2154	23	0.851152
2155	13	0.763954
2156	31	0.556891
2157	22	0.946508
2158	2	0.957399
2159	34	0.505667
2160	37	0.981437
2161	18	0.961643
2162	43	0.528454
2163	13	0.999231
2164	2	0.358178
2165	4	0.999877
2166	1	0.998964
2167	40	0.463749
2168	33	0.582675
2169	44	0.991518
2170	13	0.954563
2171	18	0.965692
2172	46	0.827582
2173	40	0.998846
2174	26	1.000000
2175	19	0.705523
2176	27	0.861039
2177	9	0.980875
2178	35	1.000000
2179	46	0.507761
2180	47	0.996080
2181	32	0.964360
2182	37	0.926286
2183	19	0.987503
2184	13	0.980010
2185	13	0.914392
2186	42	0.547639
2187	33	0.990070
2188	45	0.881995
2189	41	0.827833
2190	1	0.989632
2191	28	0.410070
2192	41	0.828425
2193	37	0.929476
2194	46	0.781375
2195	23	0.950704
2196	23	0.822317
2197	11	0.900312
2198	44	0.974206
2199	15	0.993571
2200	45	0.699446
2201	5	0.599307
2202	45	0.338202
2203	4	0.955394
2204	38	0.982059
2205	5	0.968378
2206	45	0.976886
2207	30	0.999963
2208	14	0.739569
2209	11	0.652168
2210	16	0.939919
2211	26	0.486327
2212	6	0.988429
2213	4	0.963805
2214	25	0.572314
2215	23	0.949960
2216	26	0.487542
2217	11	0.443073
2218	37	0.986917
2219	23	0.882181
2220	5	0.739528
2221	23	0.936069
2222	6	0.988125
2223	43	0.921226
2224	32	0.827372
2225	46	0.862995
2226	2	0.999179
2227	18	0.963038
2228	26	0.850942
2229	45	0.993257
2230	16	0.986254
2231	12	0.592585
2232	6	0.982498
2233	4	0.947070
2234	17	0.983646
2235	11	0.969971
2236	29	0.344268
2237	15	0.524354
2238	34	0.909171
2239	45	0.991727
2240	33	1.000000
2241	2	0.523015
2242	40	0.900074
2243	23	0.924416
2244	21	0.993241
2245	30	0.971216
2246	37	0.835675
2247	40	0.686466
2248	27	0.871563
2249	9	0.929712
2250	15	0.476426
2251	4	0.950918
2252	5	0.744986
2253	10	0.485184
2254	44	0.242063
2255	46	0.697864
2256	17	0.586652
2257	45	0.986146
2258	12	0.995971
2259	4	0.991950
2260	39	0.984243
2261	6	0.998882
2262	4	0.992017
2263	18	0.966596
2264	34	0.925326
2265	33	0.598773
2266	18	0.979535
2267	45	0.966818
2268	8	0.999992
2269	45	0.981658
2270	5	0.998779
2271	33	0.989105
2272	12	0.953447
2273	10	0.355700
2274	17	0.988167
2275	45	0.499314
2276	37	0.848915
2277	32	0.882173
2278	23	0.942671
2279	19	0.518485
2280	23	0.981883
2281	18	0.986002
2282	24	0.996908
2283	4	0.692364
2284	45	0.608077
2285	13	0.478365
2286	12	0.974167
2287	30	0.980228
2288	7	0.610399
2289	19	1.000000
2290	30	0.999898
2291	23	0.600266
2292	9	0.957865
2293	15	0.639447
2294	41	0.371171
2295	5	0.533385
2296	4	0.910368
2297	9	0.990062
2298	27	0.690571
2299	18	0.999538
2300	19	0.982579
2301	21	0.734779
2302	34	0.947360
2303	16	0.987704
2304	18	0.920246
2305	19	0.714511
2306	10	0.977361
2307	36	0.998578
2308	10	0.644284
2309	18	0.955896
2310	11	0.950429
2311	15	0.991822
2312	21	0.915772
2313	21	0.961981
2314	11	0.998809
2315	44	0.988772
2316	45	0.867130
2317	48	0.850708
2318	18	0.986559
2319	1	0.746259
2320	11	0.691206
2321	18	0.717851
2322	11	0.483659
2323	38	0.946722
2324	30	0.981773
2325	24	0.553928
2326	45	0.760668
2327	43	0.872036
2328	47	0.972745
2329	48	0.866955
2330	5	0.716901
2331	1	0.984882
2332	12	0.978823
2333	23	0.838562
2334	18	0.999663
2335	30	0.974398
2336	11	0.612399
2337	30	0.998736
2338	3	0.880558
2339	12	0.926694
2340	40	0.722381
2341	44	0.973219
2342	37	0.850404
2343	24	0.999843
2344	12	0.983157
2345	34	0.866214
2346	23	0.620122
2347	16	0.903646
2348	12	0.977141
2349	10	0.889825
2350	35	0.654588
2351	26	0.997056
2352	45	0.976157
2353	4	0.933735
2354	20	0.967680
2355	17	0.990730
2356	37	0.947103
2357	46	0.658556
2358	33	1.000000
2359	32	0.895126
2360	25	0.993166
2361	12	0.924351
2362	40	0.391145
2363	18	0.477239
2364	19	0.524342
2365	23	0.981952
2366	21	0.999996
2367	48	0.452962
2368	44	0.612483
2369	39	0.821380
2370	19	0.743765
2371	33	0.992777
2372	21	0.948360
2373	17	0.985797
2374	44	0.690581
2375	30	0.701812
2376	6	0.967580
2377	1	0.776559
2378	36	0.300845
2379	45	0.940207
2380	34	0.853611
2381	25	0.919505
2382	23	0.869975
2383	9	0.585957
2384	18	0.736112
2385	39	0.822857
2386	48	0.854581
2387	44	0.989903
2388	17	0.990525
2389	9	0.993551
2390	6	0.988764
2391	1	0.885103
2392	18	0.997950
2393	26	0.997290
2394	33	0.871188
2395	39	0.503112
2396	3	0.666320
2397	48	0.802038
2398	45	0.941862
2399	34	0.751593
2400	21	0.686424
2401	6	0.967222
2402	33	0.562332
2403	16	0.960316
2404	18	1.000000
2405	22	0.565470
2406	20	0.844343
2407	11	0.621117
2408	14	0.664292
2409	22	0.804053
2410	43	0.928328
2411	16	0.987248
2412	47	0.796579
2413	46	0.620508
2414	23	0.609271
2415	5	0.325392
2416	22	1.000000
2417	31	0.471048
2418	11	0.989226
2419	2	0.594343
2420	37	0.684405
2421	11	0.671361
2422	25	0.978118
2423	46	0.981893
2424	17	0.991175
2425	1	0.882316
2426	4	0.965145
2427	12	0.943258
2428	6	0.994873
2429	47	0.902755
2430	9	0.999439
2431	29	0.697050
2432	36	0.236401
2433	48	0.876224
2434	39	0.818225
2435	45	0.954010
2436	32	0.895432
2437	13	0.849516
2438	33	0.943044
2439	10	0.840942
2440	2	1.000000
2441	37	0.889406
2442	2	0.614638
2443	46	0.623091
2444	16	0.477297
2445	46	0.638705
2446	43	0.927288
2447	18	0.603192
2448	32	0.543678
2449	5	0.957760
2450	33	0.974197
2451	1	0.745132
2452	32	0.883439
2453	34	0.516214
2454	25	0.770824
2455	33	0.663024
2456	23	0.926943
2457	34	0.544900
2458	8	0.533279
2459	13	0.911658
2460	16	0.645970
2461	11	0.737012
2462	23	0.505939
2463	25	0.996741
2464	34	0.862476
2465	45	0.889290
2466	48	0.870765
2467	4	0.959149
2468	6	0.988025
2469	45	0.809288
2470	46	0.998368
2471	16	0.869184
2472	19	0.958023
2473	45	0.990702
2474	1	0.887642
2475	36	0.997310
2476	41	0.944612
2477	17	0.983423
2478	45	0.724170
2479	12	0.503133
2480	13	0.669077
2481	4	0.999940
2482	18	0.983622
2483	11	0.986049
2484	11	0.920438
2485	29	0.532271
2486	5	0.988516
2487	12	0.965565
2488	23	0.663002
2489	13	0.955814
2490	23	0.816334
2491	22	0.983039
2492	1	0.702079
2493	2	0.999873
2494	5	0.445132
2495	42	0.997031
2496	16	0.998687
2497	29	0.610997
2498	1	0.734179
2499	31	0.771908
2500	2	0.908064
2501	16	0.879179
2502	12	0.989025
2503	21	0.825738
2504	23	0.999950
2505	25	0.347309
2506	24	0.850147
2507	22	0.800211
2508	6	0.800662
2509	15	0.993326
2510	27	0.833222
2511	33	0.667835
2512	20	0.673797
2513	11	0.950337
2514	7	0.992802
2515	42	0.881893
2516	11	0.975094
2517	45	0.995200
2518	45	0.847588
2519	33	0.755635
2520	3	0.857649
2521	16	0.990490
2522	37	0.972318
2523	33	0.727778
2524	2	0.632239
2525	16	0.997878
2526	2	1.000000
2527	4	0.936567
2528	45	0.726390
2529	30	0.937631
2530	37	0.970364
2531	23	0.993088
2532	15	0.982589
2533	38	0.448411
2534	28	0.996902
2535	6	0.960491
2536	45	0.398021
2537	18	0.987995
2538	6	0.695122
2539	16	0.961914
2540	26	0.488134
2541	46	0.968697
2542	11	0.453927
2543	12	0.965691
2544	45	0.995274
2545	46	0.729239
2546	41	0.980751
2547	46	0.796945
