1	32	0.633319
2	9	0.263901
3	37	0.746697
4	30	0.203152
5	40	0.891556
6	16	0.540108
7	10	0.898146
8	14	0.357065
9	6	0.754328
10	8	0.575081
11	7	0.223557
12	6	0.551658
13	45	0.351639
14	21	0.552954
15	8	0.574793
16	9	0.220613
17	9	0.449923
18	9	0.204515
19	9	0.399967
20	5	0.268899
21	35	0.328040
22	4	0.700142
23	8	0.532806
24	9	0.523102
25	9	0.680463
26	32	0.418307
27	30	0.228100
28	1	0.434258
29	3	0.265264
30	18	0.524458
31	3	0.341055
32	39	0.446249
33	9	0.450993
34	9	0.230160
35	31	0.209112
36	9	0.254787
37	30	0.629314
38	1	0.215239
39	19	0.195115
40	32	0.411928
41	19	0.550537
42	30	0.188812
43	24	0.353815
44	1	0.495537
45	24	0.376139
46	3	0.424269
47	3	0.307565
48	28	0.965245
49	28	0.730785
50	29	0.331855
51	19	0.183310
52	9	0.493783
53	19	0.496203
54	9	0.282786
55	30	0.364116
56	24	0.435973
57	24	0.434649
58	43	0.741641
59	5	0.219674
60	42	0.717504
61	8	0.214171
62	9	0.177615
63	19	0.391475
64	1	0.535413
65	3	0.404449
66	45	0.308333
67	30	0.573115
68	3	0.842588
69	19	0.908668
70	9	0.798465
71	9	0.343371
72	9	0.376767
73	30	0.454800
74	3	0.237282
75	30	0.146137
76	9	0.407142
77	3	0.358597
78	10	0.378116
79	9	0.337907
80	30	0.147776
81	36	0.603882
82	9	0.301318
83	38	0.589173
84	14	0.912445
85	9	0.606042
86	19	0.531708
87	1	0.596549
88	29	0.358729
89	9	0.295847
90	9	0.818287
91	32	0.408099
92	6	0.462801
93	18	0.335478
94	19	0.327525
95	30	0.327991
96	30	0.263551
97	39	0.518825
98	9	0.284432
99	4	0.335355
100	9	0.478526
101	15	0.252110
102	9	0.282844
103	9	0.432314
104	9	0.744820
105	30	0.266945
106	4	0.624475
107	9	0.351957
108	30	0.260599
109	4	0.314929
110	6	0.234900
111	9	0.327341
112	30	0.230791
113	31	0.304382
114	9	0.336796
115	9	0.361118
116	9	0.846651
117	9	0.759286
118	29	0.214215
119	9	0.426277
120	11	0.336223
121	9	0.276031
122	9	0.659930
123	8	0.533807
124	9	0.725134
125	18	0.317449
126	32	0.471209
127	45	0.637039
128	9	0.325541
129	45	0.637053
130	9	0.476812
131	45	0.734672
132	45	0.632028
133	30	0.253403
134	9	0.830904
135	39	0.196539
136	45	0.600349
137	36	0.579183
138	19	0.252161
139	9	0.360013
140	4	0.215913
141	9	0.642420
142	9	0.290294
143	9	0.456239
144	9	0.394952
145	9	0.429494
146	9	0.321100
147	4	0.215719
148	9	0.356921
149	22	0.223175
150	4	0.511195
151	22	0.325960
152	9	0.339221
153	9	0.227969
154	9	0.393272
155	11	0.502732
156	9	0.567895
157	9	0.304969
158	22	0.404888
159	11	0.241313
160	22	0.308039
161	22	0.260624
162	9	0.515795
163	30	0.296236
164	9	0.493952
165	9	0.261569
166	15	0.261917
167	9	0.338975
168	15	0.282543
169	39	0.523653
170	31	0.828016
171	31	0.569126
172	31	0.478716
173	9	0.363367
174	42	0.546075
175	42	0.545969
176	15	0.367387
177	31	0.374829
178	39	0.245081
179	19	0.337096
180	25	0.283640
181	30	0.376771
182	9	0.580964
183	26	0.365466
184	26	0.380147
185	9	0.265125
186	26	0.363917
187	25	0.689006
188	9	0.493313
189	9	0.348585
190	9	0.656431
191	9	0.402266
192	39	0.334495
193	30	0.327938
194	9	0.714687
195	30	0.159336
196	9	0.399803
197	35	0.232277
198	9	0.290582
199	25	0.424610
200	9	0.245322
201	20	0.313941
202	9	0.247852
203	1	0.256515
204	26	0.366317
205	39	0.235974
206	3	0.213775
207	30	0.307674
208	30	0.189061
209	3	0.377880
210	19	0.314115
211	9	0.231343
212	30	0.433269
213	38	0.669230
214	30	0.316003
215	25	0.284021
216	20	0.496375
217	9	0.401176
218	9	0.233986
219	42	0.704201
220	31	0.446608
221	9	0.438467
222	30	0.281150
223	38	0.170104
224	30	0.352090
225	30	0.352400
226	9	0.382582
227	15	0.557011
228	26	0.305458
229	20	0.302872
230	20	0.210567
231	9	0.746901
232	30	0.481465
233	19	0.237181
234	3	0.490450
235	6	0.975315
236	9	0.471714
237	9	0.268165
238	25	0.271410
239	29	0.206989
240	9	0.305262
241	9	0.411600
242	29	0.169730
243	1	0.522064
244	25	0.282305
245	25	0.285856
246	42	0.703396
247	9	0.168733
248	45	0.426187
249	30	0.144414
250	3	0.483376
251	25	0.285059
252	9	0.333889
253	29	0.530707
254	9	0.264402
255	36	0.542898
256	20	0.913939
257	20	0.493742
258	38	0.503316
259	25	0.282731
260	26	0.757697
261	30	0.313758
262	25	0.810426
263	9	0.414161
264	39	0.393020
265	30	0.215453
266	30	0.362545
267	25	0.282008
268	25	0.283045
269	25	0.282780
270	9	0.668098
271	30	0.168111
272	19	0.548109
273	29	0.587199
274	25	0.283030
275	25	0.287655
276	8	0.657237
277	5	0.346402
278	21	0.633736
279	25	0.284679
280	25	0.285450
281	25	0.483333
282	5	0.327641
283	19	0.354485
284	26	0.157995
285	30	0.391242
286	25	0.283011
287	36	0.431559
288	3	0.255813
289	9	0.707462
290	30	0.171015
291	9	0.200317
292	9	0.490994
293	39	0.292991
294	9	0.274587
295	20	0.251781
296	39	0.783629
297	9	0.433813
298	45	0.680400
299	25	0.245048
300	26	0.706892
301	3	0.377744
302	25	0.245087
303	25	0.245338
304	1	0.175632
305	25	0.247604
306	3	0.263212
307	9	0.264717
308	9	0.548669
309	3	0.333029
310	30	0.302110
311	25	0.486345
312	39	0.367673
313	25	0.282112
314	25	0.281865
315	29	0.670465
316	19	0.570675
317	21	0.239422
318	9	0.332259
319	30	0.494708
320	19	0.409778
321	30	0.325986
322	31	0.551557
323	25	0.537355
324	3	0.326823
325	30	0.266108
326	3	0.609348
327	19	0.407945
328	1	0.212272
329	25	0.511118
330	25	0.283817
331	38	0.402615
332	25	0.282968
333	20	0.914014
334	36	0.820418
335	30	0.477478
336	30	0.212892
337	25	0.347288
338	25	0.282000
339	25	0.282822
340	25	0.282606
341	25	0.283224
342	4	0.495294
343	9	0.588327
344	9	0.663649
345	9	0.382226
346	5	0.196122
347	19	0.321227
348	9	0.240865
349	3	0.415563
350	9	0.616010
351	9	0.708910
352	39	0.360089
353	9	0.572935
354	20	0.912951
355	30	0.406076
356	3	0.562853
357	9	0.171850
358	31	0.597055
359	9	0.918510
360	19	0.428630
361	19	0.423063
362	30	0.525412
363	11	0.667826
364	30	0.318802
365	29	0.309331
366	31	0.196946
367	39	0.197897
368	25	0.357685
369	19	0.273126
370	39	0.354937
371	30	0.276104
372	30	0.345479
373	31	0.412667
374	31	0.272074
375	9	0.305389
376	39	0.218745
377	19	0.428110
378	19	0.890788
379	39	0.518142
380	19	0.410251
381	3	0.321428
382	39	0.260101
383	3	0.506533
384	9	0.852740
385	30	0.548435
386	19	0.373310
387	5	0.224749
388	9	0.431438
389	4	0.446893
390	38	0.270158
391	30	0.448886
392	9	0.220458
393	13	0.392939
394	19	0.240485
395	3	0.274690
396	3	0.378186
397	39	0.586834
398	30	0.402096
399	30	0.492729
400	19	0.307981
401	3	0.244614
402	30	0.314644
403	39	0.162934
404	9	0.246388
405	3	0.709534
406	30	0.254778
407	19	0.423447
408	39	0.443498
409	30	0.174085
410	31	0.192034
411	19	0.539013
412	19	0.240397
413	4	0.532191
414	1	0.699700
415	3	0.365112
416	3	0.698263
417	30	0.184194
418	21	0.424889
419	9	0.457577
420	19	0.746838
421	30	0.224474
422	20	0.279553
423	1	0.480738
424	9	0.362647
425	9	0.543144
426	29	0.256496
427	5	0.520848
428	30	0.395038
429	9	0.385221
430	19	0.431993
431	9	0.808312
432	39	0.280489
433	3	0.259908
434	19	0.276951
435	19	0.498833
436	3	0.706662
437	21	0.400950
438	1	0.253513
439	29	0.315839
440	30	0.326033
441	15	0.250398
442	19	0.533771
443	19	0.281081
444	30	0.279728
445	25	0.196523
446	19	0.567933
447	3	0.262213
448	39	0.519300
449	39	0.204551
450	29	0.767341
451	30	0.264945
452	39	0.599260
453	30	0.348140
454	9	0.215020
455	1	0.906865
456	19	0.329773
457	30	0.807168
458	30	0.787247
459	39	0.470022
460	9	0.430261
461	9	0.543126
462	9	0.326537
463	3	0.271426
464	30	0.339126
465	9	0.478721
466	19	0.442360
467	39	0.396661
468	3	0.267322
469	30	0.813520
470	9	0.352966
471	19	0.402861
472	9	0.315091
473	19	0.514417
474	30	0.472574
475	30	0.206382
476	9	0.394494
477	24	0.563097
478	21	0.461949
479	9	0.343407
480	1	0.472446
481	9	0.343446
482	36	0.404611
483	39	0.313237
484	19	0.801309
485	3	0.255629
486	9	0.289713
487	3	0.222485
488	39	0.538771
489	9	0.551254
490	19	0.308344
491	9	0.237818
492	36	0.539546
493	30	0.566209
494	39	0.248330
495	1	0.273190
496	19	0.564021
497	39	0.527435
498	19	0.700908
499	3	0.589711
500	25	0.469333
501	19	0.443388
502	3	0.490431
503	30	0.261961
504	9	0.375202
505	30	0.531433
506	39	0.444002
507	3	0.496931
508	19	0.860927
509	30	0.299155
510	19	0.227234
511	3	0.270650
512	3	0.374915
513	19	0.456182
514	19	0.397192
515	19	0.640289
516	19	0.364192
517	4	0.394786
518	4	0.929707
519	3	0.339521
520	19	0.790681
521	4	0.499931
522	30	0.233941
523	9	0.459414
524	19	0.393340
525	19	0.422791
526	30	0.265201
527	9	0.457644
528	9	0.410580
529	3	0.450228
530	9	0.240063
531	9	0.782499
532	1	0.280265
533	30	0.393860
534	25	0.214350
535	30	0.201440
536	30	0.309050
537	19	0.503457
538	9	0.469954
539	41	0.327660
540	9	0.573770
541	39	0.517093
542	3	0.331626
543	19	0.255612
544	39	0.235022
545	19	0.426174
546	25	0.366781
547	30	0.439786
548	5	0.333697
549	28	0.718731
550	3	0.568811
551	9	0.220574
552	9	0.240345
553	39	0.245123
554	9	0.275888
555	9	0.554604
556	30	0.189469
557	19	0.363694
558	30	0.474147
559	5	0.206691
560	30	0.314253
561	33	0.880892
562	35	0.372255
563	9	0.196646
564	35	0.274988
565	25	0.692996
566	30	0.832803
567	5	0.912970
568	5	0.725655
569	30	0.587107
570	5	0.294707
571	30	0.755398
572	5	0.574314
573	29	0.626198
574	5	0.420684
575	5	0.709862
576	5	0.506566
577	5	0.599188
578	5	0.356823
579	5	0.501430
580	5	0.691219
581	35	0.250011
582	9	0.439114
583	20	0.345966
584	8	0.350167
585	5	0.243980
586	6	0.627939
587	6	0.555118
588	6	0.676040
589	6	0.674567
590	6	0.672504
591	31	0.246929
592	35	0.901143
593	5	0.332637
594	5	0.587884
595	9	0.399938
596	5	0.519533
597	5	0.317195
598	26	0.787325
599	5	0.592088
600	30	0.275174
601	5	0.842042
602	9	0.364825
603	5	0.557860
604	30	0.539152
605	5	0.725729
606	5	0.525340
607	5	0.524057
608	5	0.736492
609	5	0.347062
610	31	0.302069
611	39	0.839006
612	30	0.489664
613	5	0.818783
614	5	0.378195
615	5	0.521658
616	5	0.577844
617	5	0.581005
618	5	0.821256
619	5	0.894844
620	9	0.280499
621	5	0.365867
622	5	0.566237
623	30	0.465269
624	45	0.557171
625	5	0.585617
626	5	0.522326
627	5	0.653956
628	5	0.553181
629	5	0.673311
630	5	0.246178
631	5	0.749945
632	5	0.526492
633	5	0.484428
634	5	0.588047
635	19	0.292190
636	5	0.667537
637	5	0.286268
638	5	0.703266
639	5	0.553148
640	5	0.886451
641	5	0.413911
642	5	0.458451
643	30	0.167318
644	5	0.480820
645	42	0.536324
646	19	0.380044
647	5	0.475001
648	5	0.464845
649	5	0.533342
650	5	0.504570
651	5	0.383763
652	5	0.608905
653	30	0.376053
654	5	0.614170
655	5	0.621671
656	5	0.592858
657	5	0.524274
658	5	0.485854
659	5	0.651099
660	19	0.337961
661	45	0.364155
662	42	0.535650
663	5	0.664001
664	5	0.691009
665	30	0.248314
666	9	0.847402
667	5	0.496110
668	31	0.366238
669	9	0.277704
670	26	0.576505
671	5	0.770590
672	5	0.576533
673	27	0.661255
674	5	0.789111
675	39	0.458697
676	5	0.644112
677	5	0.410647
678	5	0.565351
679	29	0.270295
680	5	0.638813
681	26	0.630851
682	31	0.424661
683	5	0.275531
684	5	0.741182
685	5	0.792130
686	19	0.514727
687	30	0.410597
688	5	0.371958
689	5	0.416799
690	5	0.802575
691	5	0.487300
692	5	0.674142
693	30	0.348587
694	5	0.811524
695	5	0.463947
696	30	0.446474
697	5	0.390794
698	5	0.603264
699	9	0.591946
700	5	0.558579
701	5	0.374065
702	5	0.732322
703	26	0.713024
704	27	0.326174
705	30	0.538162
706	5	0.544509
707	5	0.364279
708	5	0.764469
709	5	0.375541
710	5	0.389346
711	39	0.695718
712	30	0.466725
713	13	0.679863
714	29	0.242900
715	19	0.488068
716	21	0.435816
717	30	0.345198
718	5	0.850651
719	5	0.348509
720	25	0.302890
721	9	0.325934
722	9	0.319665
723	6	0.244141
724	9	0.463142
725	5	0.694710
726	20	0.376207
727	39	0.564969
728	5	0.520268
729	9	0.595770
730	5	0.633340
731	5	0.544567
732	29	0.554129
733	5	0.364243
734	5	0.828872
735	5	0.921492
736	31	0.260569
737	5	0.353080
738	5	0.603972
739	1	0.248067
740	1	0.752994
741	5	0.613079
742	21	0.402354
743	5	0.522585
744	38	0.444288
745	5	0.437510
746	5	0.340478
747	29	0.867530
748	39	0.410706
749	9	0.359300
750	9	0.246731
751	9	0.314080
752	9	0.984299
753	9	0.984299
754	9	0.828687
755	9	0.984281
756	9	0.984545
757	9	0.984297
758	9	0.984278
759	9	0.984281
760	9	0.984287
761	9	0.984278
762	9	0.806195
763	9	0.984278
764	9	0.984299
765	9	0.839458
766	9	0.790280
767	9	0.984274
768	9	0.823937
769	9	0.984299
770	9	0.984299
771	9	0.984287
772	9	0.984274
773	9	0.984299
774	1	0.633757
775	9	0.634456
776	9	0.304072
777	9	0.246031
778	9	0.246465
779	29	0.341537
780	19	0.271037
781	3	0.224495
782	29	0.431338
783	29	0.761450
784	19	0.288195
785	29	0.446650
786	19	0.572391
787	19	0.461974
788	19	0.437971
789	3	0.746341
790	9	0.581530
791	9	0.568758
792	9	0.256954
793	9	0.546980
794	9	0.261744
795	9	0.667319
796	9	0.363411
797	9	0.226524
798	9	0.547247
799	1	0.295364
800	1	0.268599
801	9	0.625507
802	9	0.485166
803	19	0.264180
804	13	0.649206
805	9	0.374456
806	9	0.547900
807	9	0.599913
808	9	0.365684
809	5	0.583087
810	13	0.345693
811	13	0.742837
812	13	0.403098
813	9	0.565984
814	30	0.183268
815	13	0.738855
816	3	0.201766
817	13	0.325491
818	9	0.367442
819	13	0.458010
820	13	0.733397
821	13	0.486182
822	9	0.623980
823	3	0.342149
824	23	0.326765
825	9	0.502745
826	9	0.550844
827	9	0.539392
828	9	0.677532
829	31	0.283138
830	9	0.461811
831	9	0.392330
832	9	0.391320
833	30	0.177923
834	13	0.909301
835	9	0.256383
836	9	0.418994
837	9	0.641551
838	28	0.330529
839	28	0.330325
840	9	0.342704
841	9	0.609637
842	9	0.274586
843	9	0.510287
844	19	0.286018
845	9	0.392420
846	9	0.353300
847	1	0.183651
848	1	0.528789
849	9	0.245932
850	9	0.969375
851	13	0.485485
852	9	0.228707
853	9	0.314931
854	26	0.329733
855	9	0.290169
856	29	0.559948
857	9	0.353828
858	9	0.182811
859	9	0.443458
860	9	0.486243
861	9	0.840086
862	9	0.298505
863	9	0.306171
864	9	0.470092
865	13	0.258192
866	13	0.303882
867	9	0.739231
868	9	0.430750
869	9	0.333833
870	9	0.693013
871	9	0.247041
872	9	0.499585
873	21	0.569564
874	9	0.534797
875	9	0.405161
876	9	0.602915
877	9	0.555087
878	21	0.647236
879	19	0.839558
880	9	0.570006
881	3	0.322707
882	27	0.794799
883	27	0.611257
884	9	0.310778
885	9	0.353098
886	9	0.358415
887	9	0.327926
888	9	0.709688
889	9	0.514609
890	3	0.251012
891	9	0.485479
892	9	0.391861
893	9	0.433531
894	35	0.371466
895	3	0.846314
896	9	0.260519
897	3	0.371957
898	25	0.703925
899	19	0.318415
900	19	0.299396
901	20	0.752035
902	20	0.575911
903	20	0.847147
904	20	0.964416
905	20	0.885955
906	20	0.676357
907	20	0.893764
908	20	0.964552
909	20	0.877458
910	20	0.676670
911	19	0.224716
912	20	0.964592
913	20	0.743892
914	20	0.894061
915	20	0.929180
916	20	0.885838
917	20	0.993868
918	20	0.995537
919	20	0.984208
920	20	0.646933
921	20	0.995585
922	20	0.984057
923	20	0.942683
924	35	0.948570
925	35	0.671835
926	35	0.482579
927	35	0.584701
928	35	0.648565
929	35	0.580812
930	35	0.553762
931	35	0.403681
932	15	0.496731
933	9	0.585861
934	35	0.604100
935	19	0.570279
936	9	0.482481
937	9	0.653858
938	4	0.908213
939	19	0.607749
940	9	0.481423
941	9	0.373175
942	9	0.245927
943	9	0.761297
944	9	0.829386
945	9	0.638705
946	9	0.596456
947	9	0.649980
948	36	0.385069
949	9	0.308329
950	39	0.262160
951	30	0.785287
952	9	0.232983
953	9	0.179228
954	9	0.230677
955	9	0.384008
956	19	0.223829
957	27	0.751899
958	27	0.728625
959	9	0.284343
960	27	0.637005
961	27	0.814776
962	9	0.377517
963	9	0.271864
964	9	0.197459
965	30	0.387863
966	9	0.380053
967	3	0.262220
968	3	0.725070
969	9	0.682763
970	19	0.224263
971	43	0.670030
972	43	0.670104
973	43	0.622227
974	15	0.282211
975	3	0.347443
976	31	0.427611
977	28	0.423174
978	3	0.373940
979	28	0.420102
980	3	0.462013
981	3	0.273377
982	3	0.438400
983	3	0.347177
984	3	0.440210
985	3	0.439994
986	30	0.220837
987	9	0.157605
988	3	0.336436
989	5	0.160224
990	3	0.691733
991	30	0.348860
992	30	0.352769
993	19	0.343386
994	3	0.631236
995	9	0.773133
996	3	0.330199
997	31	0.303127
998	39	0.593461
999	1	0.827465
1000	14	0.888451
1001	30	0.359489
1002	3	0.257904
1003	30	0.272408
1004	30	0.374716
1005	39	0.420743
1006	1	0.329253
1007	3	0.501532
1008	19	0.395940
1009	29	0.507551
1010	9	0.341822
1011	3	0.373750
1012	39	0.205323
1013	19	0.649824
1014	19	0.563370
1015	39	0.351977
1016	9	0.479609
1017	29	0.202222
1018	14	0.877700
1019	1	0.606959
1020	39	0.513141
1021	1	0.613454
1022	1	0.781639
1023	1	0.768375
1024	29	0.712678
1025	9	0.478960
1026	9	0.330325
1027	39	0.312172
1028	38	0.259569
1029	19	0.284622
1030	30	0.450900
1031	38	0.363255
1032	14	0.960162
1033	9	0.280006
1034	19	0.179433
1035	31	0.208489
1036	30	0.324203
1037	9	0.316657
1038	25	0.343255
1039	30	0.355011
1040	39	0.577044
1041	31	0.408307
1042	1	0.352386
1043	9	0.350257
1044	3	0.652010
1045	9	0.322600
1046	19	0.431566
1047	29	0.282622
1048	3	0.211603
1049	25	0.482466
1050	30	0.626046
1051	23	0.275297
1052	30	0.273594
1053	30	0.340613
1054	3	0.532464
1055	45	0.336010
1056	21	0.477342
1057	3	0.596939
1058	9	0.662222
1059	39	0.533194
1060	1	0.717738
1061	30	0.274343
1062	30	0.245928
1063	21	0.262225
1064	15	0.491187
1065	19	0.267335
1066	19	0.259334
1067	19	0.771919
1068	30	0.301712
1069	13	0.409467
1070	30	0.361109
1071	9	0.634067
1072	15	0.324821
1073	1	0.781812
1074	9	0.687514
1075	9	0.185771
1076	19	0.811374
1077	3	0.269636
1078	25	0.189933
1079	30	0.180072
1080	30	0.532324
1081	30	0.532431
1082	9	0.387375
1083	21	0.197842
1084	21	0.526873
1085	21	0.527362
1086	21	0.457078
1087	21	0.457121
1088	21	0.494115
1089	30	0.423898
1090	30	0.210233
1091	19	0.659397
1092	9	0.782402
1093	21	0.494450
1094	21	0.497496
1095	21	0.460657
1096	21	0.456596
1097	21	0.468242
1098	21	0.468349
1099	3	0.534850
1100	9	0.304927
1101	27	0.751993
1102	27	0.665136
1103	27	0.719242
1104	3	0.313890
1105	3	0.877013
1106	30	0.643517
1107	9	0.447159
1108	9	0.451107
1109	39	0.463162
1110	9	0.270544
1111	27	0.409760
1112	27	0.576795
1113	27	0.371100
1114	27	0.563262
1115	27	0.568930
1116	30	0.388064
1117	30	0.451385
1118	3	0.173496
1119	9	0.192593
1120	19	0.230192
1121	31	0.172926
1122	1	0.800467
1123	3	0.246721
1124	1	0.702730
1125	1	0.572913
1126	26	0.343342
1127	30	0.178682
1128	1	0.612619
1129	3	0.261349
1130	30	0.364205
1131	30	0.240477
1132	20	0.400220
1133	15	0.790944
1134	15	0.716343
1135	19	0.453512
1136	1	0.474293
1137	1	0.246764
1138	3	0.215242
1139	3	0.486940
1140	15	0.603264
1141	15	0.657627
1142	15	0.484176
1143	15	0.675962
1144	15	0.678699
1145	15	0.629388
1146	15	0.612412
1147	15	0.862385
1148	15	0.602604
1149	19	0.285185
1150	3	0.249430
1151	32	0.442712
1152	32	0.291697
1153	32	0.509363
1154	32	0.491109
1155	32	0.790113
1156	3	0.547940
1157	32	0.427828
1158	30	0.343506
1159	32	0.595733
1160	32	0.446789
1161	32	0.352429
1162	3	0.429893
1163	32	0.406008
1164	32	0.812368
1165	4	0.339542
1166	32	0.364472
1167	32	0.494387
1168	32	0.354268
1169	32	0.403450
1170	32	0.511988
1171	32	0.352181
1172	32	0.438394
1173	32	0.267324
1174	32	0.334171
1175	32	0.441743
1176	32	0.526555
1177	32	0.325861
1178	32	0.919996
1179	32	0.467664
1180	32	0.585333
1181	30	0.381261
1182	32	0.525898
1183	32	0.368798
1184	32	0.474715
1185	32	0.455181
1186	30	0.635995
1187	32	0.479402
1188	32	0.397592
1189	32	0.880923
1190	32	0.268520
1191	32	0.560723
1192	32	0.432400
1193	32	0.497637
1194	32	0.560458
1195	32	0.384037
1196	32	0.377966
1197	32	0.402055
1198	39	0.416101
1199	32	0.479910
1200	32	0.484630
1201	32	0.975614
1202	32	0.562202
1203	32	0.436713
1204	32	0.410932
1205	32	0.406394
1206	32	0.397160
1207	32	0.784356
1208	19	0.303227
1209	32	0.411422
1210	32	0.337607
1211	32	0.605946
1212	32	0.255947
1213	32	0.626151
1214	32	0.288965
1215	30	0.264921
1216	32	0.650193
1217	32	0.255126
1218	32	0.258323
1219	32	0.312136
1220	32	0.263534
1221	30	0.221184
1222	13	0.587862
1223	32	0.319493
1224	32	0.209647
1225	32	0.407442
1226	13	0.320847
1227	13	0.524917
1228	13	0.661501
1229	32	0.392460
1230	32	0.290583
1231	32	0.361790
1232	32	0.292645
1233	3	0.389768
1234	30	0.267184
1235	32	0.272009
1236	32	0.475889
1237	32	0.724582
1238	32	0.357339
1239	32	0.297392
1240	32	0.346793
1241	32	0.673831
1242	32	0.697490
1243	19	0.373324
1244	32	0.346306
1245	32	0.341845
1246	32	0.597974
1247	32	0.273058
1248	32	0.670322
1249	32	0.195825
1250	32	0.425103
1251	32	0.823312
1252	32	0.365015
1253	32	0.201177
1254	32	0.236452
1255	30	0.279205
1256	19	0.233104
1257	32	0.333833
1258	32	0.726787
1259	32	0.829683
1260	32	0.444537
1261	13	0.192481
1262	32	0.201134
1263	32	0.554605
1264	32	0.268811
1265	32	0.597895
1266	32	0.240874
1267	32	0.279729
1268	13	0.342117
1269	30	0.297457
1270	32	0.242787
1271	32	0.355894
1272	32	0.387521
1273	32	0.277419
1274	32	0.372158
1275	32	0.274333
1276	32	0.714247
1277	39	0.457740
1278	32	0.340889
1279	32	0.337770
1280	32	0.760085
1281	32	0.575948
1282	32	0.477440
1283	1	0.627010
1284	32	0.300231
1285	32	0.342424
1286	32	0.563260
1287	32	0.701012
1288	32	0.531206
1289	32	0.466793
1290	32	0.475535
1291	32	0.454619
1292	32	0.382875
1293	32	0.556474
1294	32	0.459473
1295	32	0.466238
1296	32	0.370895
1297	19	0.643674
1298	32	0.917142
1299	32	0.366850
1300	3	0.382268
1301	32	0.567638
1302	32	0.370046
1303	32	0.371508
1304	32	0.488740
1305	32	0.217869
1306	32	0.321734
1307	32	0.493715
1308	32	0.646808
1309	30	0.277579
1310	32	0.559344
1311	32	0.698081
1312	32	0.747971
1313	32	0.381067
1314	32	0.369859
1315	30	0.356943
1316	32	0.460834
1317	32	0.297921
1318	32	0.445251
1319	32	0.532023
1320	19	0.518450
1321	30	0.298310
1322	32	0.301486
1323	19	0.504662
1324	32	0.599210
1325	32	0.192475
1326	32	0.514327
1327	32	0.711250
1328	32	0.398202
1329	31	0.674718
1330	29	0.323118
1331	32	0.809267
1332	9	0.361234
1333	30	0.358925
1334	32	0.468930
1335	32	0.361640
1336	32	0.508324
1337	32	0.287921
1338	3	0.609269
1339	32	0.353421
1340	32	0.392174
1341	32	0.709721
1342	32	0.338946
1343	25	0.436257
1344	32	0.704807
1345	32	0.428622
1346	32	0.403553
1347	9	0.767796
1348	9	0.274915
1349	19	0.171673
1350	30	0.333415
1351	9	0.363478
1352	3	0.457852
1353	30	0.403070
1354	9	0.235641
1355	9	0.816158
1356	1	0.243228
1357	9	0.557774
1358	39	0.255488
1359	9	0.483114
1360	39	0.396382
1361	1	0.276036
1362	30	0.324830
1363	3	0.530891
1364	5	0.515222
1365	3	0.278327
1366	9	0.640311
1367	39	0.520265
1368	31	0.862742
1369	9	0.596858
1370	9	0.456614
1371	30	0.371026
1372	30	0.323027
1373	19	0.654908
1374	19	0.252139
1375	36	0.403813
1376	30	0.366271
1377	25	0.363709
1378	9	0.296691
1379	15	0.204511
1380	29	0.285343
1381	9	0.324404
1382	1	0.500359
1383	29	0.327446
1384	19	0.585748
1385	19	0.359415
1386	15	0.354143
1387	19	0.469857
1388	1	0.689387
1389	1	0.504869
1390	30	0.575721
1391	25	0.970888
1392	20	0.686813
1393	20	0.686107
1394	19	0.403528
1395	1	0.620710
1396	19	0.790438
1397	30	0.154110
1398	19	0.696331
1399	3	0.295083
1400	13	0.286417
1401	9	0.227119
1402	9	0.546771
1403	9	0.127605
1404	19	0.358568
1405	14	0.783422
1406	44	0.813558
1407	44	0.991480
1408	44	0.911218
1409	9	0.459407
1410	3	0.305056
1411	3	0.522458
1412	9	0.400643
1413	13	0.204119
1414	30	0.353333
1415	9	0.759626
1416	27	0.199895
1417	30	0.364132
1418	19	0.286368
1419	19	0.201596
1420	19	0.220744
1421	3	0.466061
1422	9	0.616412
1423	30	0.309143
1424	13	0.224576
1425	19	0.944431
1426	3	0.427212
1427	9	0.256579
1428	39	0.403890
1429	21	0.674130
1430	19	0.529890
1431	1	0.950810
1432	19	0.326287
1433	9	0.526592
1434	9	0.638672
1435	13	0.331396
1436	30	0.316848
1437	3	0.308012
1438	1	0.181306
1439	13	0.432752
1440	9	0.303271
1441	13	0.307961
1442	30	0.448413
1443	30	0.277296
1444	19	0.375534
1445	39	0.463927
1446	30	0.421107
1447	30	0.284083
1448	9	0.251399
1449	9	0.232880
1450	30	0.245894
1451	13	0.256644
1452	30	0.312019
1453	13	0.524189
1454	19	0.325893
1455	39	0.381021
1456	30	0.296319
1457	3	0.717458
1458	30	0.255908
1459	9	0.256200
1460	13	0.828069
1461	3	0.656013
1462	19	0.536383
1463	9	0.720204
1464	39	0.481282
1465	31	0.320217
1466	9	0.496779
1467	13	0.174979
1468	19	0.159306
1469	13	0.534132
1470	19	0.604147
1471	9	0.442909
1472	19	0.691002
1473	3	0.610935
1474	1	0.366357
1475	9	0.709434
1476	19	0.396868
1477	9	0.501447
1478	31	0.771878
1479	9	0.586150
1480	39	0.419253
1481	19	0.471534
1482	30	0.348872
1483	1	0.395179
1484	30	0.284193
1485	1	0.524586
1486	19	0.273202
1487	13	0.344785
1488	30	0.309571
1489	3	0.480787
1490	9	0.280499
1491	9	0.348778
1492	30	0.237012
1493	13	0.306176
1494	19	0.394582
1495	9	0.303285
1496	30	0.243706
1497	3	0.511645
1498	3	0.384146
1499	13	0.346432
1500	9	0.704833
1501	3	0.307756
1502	19	0.343545
1503	19	0.256945
1504	3	0.501670
1505	26	0.230410
1506	30	0.273828
1507	3	0.272572
1508	3	0.349194
1509	9	0.273165
1510	19	0.318055
1511	13	0.698005
1512	13	0.317604
1513	27	0.183715
1514	13	0.234008
1515	19	0.435440
1516	13	0.623219
1517	9	0.303743
1518	30	0.381372
1519	9	0.412876
1520	30	0.303615
1521	19	0.534535
1522	9	0.359984
1523	19	0.212132
1524	30	0.212793
1525	30	0.456735
1526	30	0.369440
1527	9	0.291370
1528	30	0.252903
1529	9	0.533247
1530	3	0.303738
1531	39	0.441372
1532	30	0.294522
1533	9	0.740642
1534	30	0.358504
1535	19	0.217678
1536	30	0.267873
1537	30	0.370040
1538	39	0.268779
1539	9	0.504770
1540	9	0.242721
1541	19	0.246955
1542	19	0.278174
1543	9	0.222451
1544	30	0.628614
1545	3	0.315708
1546	19	0.325290
1547	30	0.323807
1548	30	0.345730
1549	3	0.864521
1550	39	0.299240
1551	31	0.269883
1552	20	0.237778
1553	20	0.268087
1554	20	0.488489
1555	3	0.497298
1556	38	0.905082
1557	39	0.487263
1558	32	0.165210
1559	19	0.406113
1560	5	0.394171
1561	39	0.280116
1562	3	0.295575
1563	1	0.855948
1564	1	0.878257
1565	20	0.557855
1566	32	0.274667
1567	26	0.406903
1568	3	0.682308
1569	19	0.567925
1570	19	0.168333
1571	19	0.373737
1572	3	0.321261
1573	38	0.187020
1574	30	0.232175
1575	27	0.751051
1576	30	0.777605
1577	23	0.442406
1578	21	0.421964
1579	23	0.262405
1580	9	0.254032
1581	32	0.211576
1582	32	0.358419
1583	1	0.211337
1584	5	0.399039
1585	20	0.186402
1586	1	0.183227
1587	19	0.348720
1588	19	0.765671
1589	19	0.692396
1590	32	0.442563
1591	19	0.475870
1592	9	0.749310
1593	32	0.415843
1594	30	0.247252
1595	30	0.515680
1596	19	0.282799
1597	3	0.204402
1598	9	0.538867
1599	19	0.242803
1600	9	0.384299
1601	9	0.497787
1602	36	0.682756
1603	19	0.436066
1604	19	0.417870
1605	9	0.273068
1606	31	0.412973
1607	20	0.619826
1608	3	0.444235
1609	29	0.342810
1610	19	0.354648
1611	9	0.224710
1612	3	0.300687
1613	19	0.427987
1614	13	0.306698
1615	9	0.393603
1616	9	0.700793
1617	9	0.203472
1618	3	0.300074
1619	39	0.744230
1620	1	0.530901
1621	3	0.530016
1622	21	0.406303
1623	30	0.227013
1624	19	0.357121
1625	1	0.533722
1626	9	0.426874
1627	9	0.526142
1628	32	0.287658
1629	19	0.318380
1630	19	0.377651
1631	19	0.437450
1632	19	0.498000
1633	9	0.354833
1634	9	0.773759
1635	1	0.225868
1636	9	0.200576
1637	1	0.335973
1638	26	0.389958
1639	9	0.669831
1640	19	0.432002
1641	1	0.663017
1642	3	0.786426
1643	19	0.739392
1644	1	0.722077
1645	30	0.319431
1646	3	0.741093
1647	30	0.330108
1648	3	0.288559
1649	9	0.417503
1650	9	0.537103
1651	3	0.279142
1652	3	0.280727
1653	30	0.409597
1654	9	0.400242
1655	29	0.306152
1656	3	0.449891
1657	1	0.193951
1658	9	0.673583
1659	17	0.813505
1660	17	0.815197
1661	17	0.814541
1662	9	0.385267
1663	9	0.354628
1664	36	0.988959
1665	14	0.883327
1666	14	0.723255
1667	9	0.234345
1668	14	0.369351
1669	17	0.863724
1670	14	0.856683
1671	19	0.269483
1672	3	0.627804
1673	37	0.680590
1674	30	0.173730
1675	15	0.246301
1676	32	0.421615
1677	19	0.446958
1678	1	0.488604
1679	9	0.331415
1680	9	0.652116
1681	1	0.337244
1682	19	0.725568
1683	3	0.760754
1684	39	0.206968
1685	1	0.376327
1686	39	0.419658
1687	3	0.341655
1688	9	0.369616
1689	9	0.355050
1690	1	0.578440
1691	19	0.507786
1692	13	0.445014
1693	31	0.401049
1694	30	0.459009
1695	19	0.364980
1696	3	0.380475
1697	9	0.393017
1698	3	0.529472
1699	27	0.525462
1700	27	0.502971
1701	9	0.242206
1702	9	0.375965
1703	3	0.472389
1704	9	0.220609
1705	9	0.407947
1706	19	0.314405
1707	39	0.319634
1708	1	0.252250
1709	30	0.165844
1710	15	0.404572
1711	30	0.302675
1712	25	0.616354
1713	1	0.476403
1714	19	0.241770
1715	1	0.361053
1716	3	0.248985
1717	39	0.561248
1718	39	0.272597
1719	9	0.202236
1720	39	0.460672
1721	1	0.346682
1722	19	0.382230
1723	3	0.173759
1724	43	0.588117
1725	32	0.492463
1726	3	0.630966
1727	9	0.471917
1728	30	0.350914
1729	30	0.502236
1730	9	0.205598
1731	39	0.554550
1732	9	0.333988
1733	9	0.779337
1734	39	0.474439
1735	1	0.198206
1736	30	0.327224
1737	36	0.763206
1738	30	0.415097
1739	36	0.536801
1740	36	0.772195
1741	36	0.749701
1742	36	0.700060
1743	36	0.645828
1744	19	0.311569
1745	9	0.579919
1746	36	0.716197
1747	36	0.611834
1748	23	0.364860
1749	4	0.245738
1750	11	0.412075
1751	4	0.292302
1752	29	0.676873
1753	26	0.508546
1754	11	0.992248
1755	39	0.367682
1756	9	0.440660
1757	4	0.794590
1758	29	0.550426
1759	29	0.942811
1760	24	0.880597
1761	29	0.910256
1762	28	0.609798
1763	19	0.696142
1764	24	0.997121
1765	19	0.559681
1766	24	0.988318
1767	9	0.551014
1768	31	0.828200
1769	19	0.565501
1770	29	0.604471
1771	31	0.506549
1772	31	0.480333
1773	9	0.324420
1774	29	0.397531
1775	28	0.506686
1776	24	0.631215
1777	4	0.953526
1778	9	0.609787
1779	19	0.382297
1780	19	0.528873
1781	9	0.324891
1782	9	0.672370
1783	9	0.305813
1784	9	0.416521
1785	19	0.785291
1786	3	0.427691
1787	21	0.410441
1788	24	0.557008
1789	24	0.467929
1790	24	0.395120
1791	24	0.378775
1792	15	0.343429
1793	39	0.439227
1794	24	0.936277
1795	5	0.484010
1796	19	0.380119
1797	24	0.936702
1798	19	0.245167
1799	21	0.772961
1800	19	0.764730
1801	25	0.443454
1802	29	0.242356
1803	25	0.983990
1804	19	0.390396
1805	29	0.861315
1806	29	0.328318
1807	25	0.245988
1808	23	0.233138
1809	30	0.418841
1810	9	0.710937
1811	14	0.579167
1812	2	0.850657
1813	15	0.239720
1814	36	0.376469
1815	39	0.455293
1816	29	0.234667
1817	19	0.724275
1818	39	0.406325
1819	19	0.470371
1820	5	0.495525
1821	19	0.281955
1822	4	0.642933
1823	29	0.554060
1824	29	0.939388
1825	19	0.488532
1826	41	0.886435
1827	19	0.600740
1828	20	0.606362
1829	29	0.576905
1830	19	0.612822
1831	39	0.359553
1832	19	0.227450
1833	19	0.405858
1834	24	0.501791
1835	1	0.558737
1836	19	0.748728
1837	19	0.644630
1838	29	0.608265
1839	45	0.417577
1840	39	0.506281
1841	3	0.387430
1842	9	0.221689
1843	39	0.329282
1844	45	0.878062
1845	19	0.425272
1846	28	0.514353
1847	3	0.428620
1848	36	0.919368
1849	19	0.375895
1850	23	0.981316
1851	1	0.241440
1852	39	0.408621
1853	17	0.592929
1854	3	0.375829
1855	30	0.553722
1856	19	0.738299
1857	24	0.691507
1858	32	0.312510
1859	39	0.307893
1860	15	0.551096
1861	24	0.766643
1862	19	0.490683
1863	19	0.470213
1864	19	0.320349
1865	27	0.854156
1866	39	0.252034
1867	29	0.453950
1868	9	0.271605
1869	19	0.493246
1870	24	0.855200
1871	19	0.406511
1872	19	0.617866
1873	6	0.333413
1874	28	0.768180
1875	20	0.769929
1876	15	0.548477
1877	15	0.598758
1878	27	0.304516
1879	9	0.566070
1880	5	0.230357
1881	5	0.374008
1882	30	0.818953
1883	9	0.903425
1884	9	0.262174
1885	3	0.435593
1886	9	0.986703
1887	24	0.572998
1888	1	0.244896
1889	39	0.272803
1890	39	0.209783
1891	9	0.545656
1892	19	0.630334
1893	30	0.599247
1894	29	0.481274
1895	24	0.855161
1896	19	0.838460
1897	29	0.272471
1898	39	0.282417
1899	35	0.687738
1900	29	0.570360
1901	36	0.991267
1902	24	0.893291
1903	9	0.211636
1904	3	0.693463
1905	19	0.479796
1906	29	0.449932
1907	24	0.435825
1908	24	0.987101
1909	19	0.608790
1910	19	0.579590
1911	4	0.518739
1912	38	0.362291
1913	9	0.622975
1914	1	0.439748
1915	3	0.457926
1916	3	0.189897
1917	9	0.185619
1918	19	0.717640
1919	20	0.358100
1920	25	0.959526
1921	9	0.345062
1922	20	0.307179
1923	6	0.621321
1924	25	0.762109
1925	11	0.822256
1926	25	0.981326
1927	6	0.410461
1928	22	0.928466
1929	19	0.328884
1930	11	0.980159
1931	11	0.844014
1932	29	0.899064
1933	13	0.575954
1934	9	0.790882
1935	20	0.291454
1936	9	0.482073
1937	19	0.328466
1938	24	0.733662
1939	29	0.899063
1940	10	0.633894
1941	20	0.307126
1942	11	0.970402
1943	21	0.615417
1944	24	0.318628
1945	31	0.672191
1946	29	0.535936
1947	39	0.987008
1948	9	0.370801
1949	25	0.908009
1950	9	0.246844
1951	9	0.378008
1952	9	0.243540
1953	9	0.748574
1954	20	0.366205
1955	9	0.493963
1956	9	0.497030
1957	38	0.320698
1958	36	0.378815
1959	9	0.804301
1960	38	0.188732
1961	30	0.261978
1962	9	0.523393
1963	20	0.140886
1964	9	0.272620
1965	30	0.325974
1966	3	0.240928
1967	9	0.458239
1968	19	0.573109
1969	21	0.301517
1970	30	0.764762
1971	19	0.254558
1972	9	0.590253
1973	1	0.518627
1974	4	0.715657
1975	3	0.237084
1976	9	0.318819
1977	9	0.620696
1978	38	0.335163
1979	29	0.186718
1980	9	0.592177
1981	9	0.545673
1982	39	0.259761
1983	9	0.696368
1984	9	0.561777
1985	1	0.398759
1986	19	0.184453
1987	9	0.289026
1988	9	0.286670
1989	9	0.621851
1990	31	0.514552
1991	4	0.714178
1992	9	0.883852
1993	9	0.713470
1994	9	0.501969
1995	19	0.278678
1996	9	0.523607
1997	19	0.227959
1998	9	0.873612
1999	42	0.855391
2000	29	0.235440
2001	30	0.786150
2002	9	0.180766
2003	9	0.743037
2004	4	0.473361
2005	29	0.313949
2006	3	0.574810
2007	9	0.449998
2008	9	0.390004
2009	36	0.273349
2010	3	0.364522
2011	39	0.696260
2012	9	0.677257
2013	30	0.625374
2014	20	0.586734
2015	9	0.350844
2016	9	0.365614
2017	9	0.631509
2018	4	0.416627
2019	9	0.490998
2020	29	0.680101
2021	4	0.264897
2022	5	0.227287
2023	25	0.321851
2024	9	0.260150
2025	9	0.505272
2026	9	0.629971
2027	20	0.251672
2028	29	0.570117
2029	4	0.431201
2030	9	0.691544
2031	3	0.227507
2032	9	0.282581
2033	9	0.406749
2034	4	0.594982
2035	3	0.677216
2036	9	0.221832
2037	9	0.366695
2038	9	0.417334
2039	25	0.388437
2040	9	0.520055
2041	9	0.311193
2042	9	0.539314
2043	19	0.203730
2044	4	0.444712
2045	9	0.643728
2046	30	0.532628
2047	9	0.231170
2048	1	0.606953
2049	9	0.558266
2050	9	0.470079
2051	3	0.135197
2052	9	0.509468
2053	23	0.593458
2054	30	0.387743
2055	4	0.507496
2056	19	0.468175
2057	20	0.656338
2058	1	0.462215
2059	19	0.230325
2060	4	0.738409
2061	9	0.226339
2062	30	0.192484
2063	20	0.217175
2064	9	0.409819
2065	39	0.256274
2066	29	0.493052
2067	9	0.297282
2068	9	0.592706
2069	38	0.277555
2070	29	0.428415
2071	9	0.470729
2072	38	0.320475
2073	9	0.369609
2074	4	0.716174
2075	19	0.459953
2076	23	0.389737
2077	9	0.427510
2078	9	0.760909
2079	9	0.558479
2080	30	0.270009
2081	9	0.243444
2082	4	0.561040
2083	1	0.319987
2084	9	0.182052
2085	9	0.584358
2086	9	0.886045
2087	9	0.538673
2088	9	0.551083
2089	19	0.648411
2090	30	0.759619
2091	9	0.603885
2092	9	0.467191
2093	9	0.728589
2094	4	0.719697
2095	3	0.266890
2096	9	0.846423
2097	9	0.646336
2098	9	0.557812
2099	29	0.373425
2100	23	0.604643
2101	23	0.385358
2102	30	0.316503
2103	9	0.630266
2104	4	0.506729
2105	31	0.371361
2106	9	0.358545
2107	1	0.319610
2108	28	0.415644
2109	9	0.511240
2110	9	0.487374
2111	4	0.536327
2112	19	0.415934
2113	9	0.540514
2114	9	0.279858
2115	9	0.489417
2116	9	0.239377
2117	15	0.392836
2118	9	0.275403
2119	9	0.648508
2120	35	0.625152
2121	20	0.893853
2122	9	0.315194
2123	9	0.437006
2124	9	0.441085
2125	9	0.724026
2126	1	0.275835
2127	9	0.397737
2128	36	0.451679
2129	39	0.248119
2130	4	0.202937
2131	4	0.375291
2132	14	0.999828
2133	30	0.237218
2134	9	0.474946
2135	23	0.591755
2136	4	0.675388
2137	9	0.744149
2138	9	0.257510
2139	4	0.235712
2140	35	0.345663
2141	38	0.238390
2142	9	0.657928
2143	9	0.682943
2144	30	0.277964
2145	4	0.514822
2146	9	0.223514
2147	9	0.746959
2148	34	0.664010
2149	1	0.306523
2150	19	0.396297
2151	11	0.394293
2152	9	0.433923
2153	1	0.431363
2154	24	0.286681
2155	39	0.205981
2156	3	0.281540
2157	11	0.685020
2158	39	0.426352
2159	39	0.532223
2160	31	0.318660
2161	9	0.951126
2162	34	0.241992
2163	3	0.246649
2164	30	0.315578
2165	9	0.683002
2166	15	0.492716
2167	9	0.298098
2168	5	0.311980
2169	30	0.251960
2170	3	0.253346
2171	9	0.484436
2172	35	0.336213
2173	24	0.295135
2174	39	0.204378
2175	9	0.652796
2176	8	0.324516
2177	9	0.258266
2178	1	0.316345
2179	30	0.181878
2180	19	0.677391
2181	21	0.377554
2182	19	0.723886
2183	30	0.378503
2184	3	0.520508
2185	9	0.341190
2186	19	0.272839
2187	24	0.508891
2188	19	0.432879
2189	3	0.502430
2190	39	0.366836
2191	18	0.363875
2192	19	0.319725
2193	24	0.299325
2194	30	0.286599
2195	21	0.384953
2196	39	0.463914
2197	3	0.286774
2198	38	0.547309
2199	19	0.381075
2200	2	0.935707
2201	20	0.249417
2202	3	0.409516
2203	9	0.310033
2204	30	0.460824
2205	30	0.284653
2206	9	0.434641
2207	25	0.874936
2208	19	0.449444
2209	9	0.329418
2210	19	0.364639
2211	30	0.352786
2212	9	0.311221
2213	9	0.545672
2214	6	0.600863
2215	4	0.731342
2216	9	0.356703
2217	1	0.519429
2218	30	0.315118
2219	19	0.639802
2220	15	0.363787
2221	19	0.304884
2222	9	0.355853
2223	30	0.297143
2224	3	0.609763
2225	3	0.298856
2226	21	0.579059
2227	1	0.726417
2228	30	0.257495
2229	9	0.460263
2230	19	0.919951
2231	5	0.292085
2232	19	0.293052
2233	27	0.591240
2234	9	0.493009
2235	3	0.495931
2236	39	0.489514
2237	19	0.649122
2238	9	0.483872
2239	1	0.318368
2240	1	0.295465
2241	1	0.325968
2242	9	0.149204
2243	19	0.326841
2244	5	0.216847
2245	30	0.326815
2246	19	0.487129
2247	19	0.661354
2248	9	0.341268
2249	30	0.235502
2250	29	0.772677
2251	4	0.826821
2252	30	0.253667
2253	9	0.322284
2254	19	0.348159
2255	19	0.218568
2256	39	0.239562
2257	24	0.227039
2258	3	0.331523
2259	3	0.360981
2260	39	0.732782
2261	3	0.250490
2262	31	0.328966
2263	30	0.349296
2264	21	0.145810
2265	39	0.373827
2266	39	0.337079
2267	30	0.241495
2268	19	0.270906
2269	39	0.245748
2270	1	0.820826
2271	19	0.332451
2272	19	0.613971
2273	9	0.845085
2274	9	0.203846
2275	5	0.677603
2276	30	0.404512
2277	19	0.446836
2278	3	0.273510
2279	11	0.621875
2280	30	0.264643
2281	34	0.787334
2282	34	0.203972
2283	9	0.229165
2284	30	0.755048
2285	19	0.561584
2286	19	0.785491
2287	9	0.839565
2288	21	0.810339
2289	15	0.274995
2290	45	0.685629
2291	30	0.384424
2292	39	0.516317
2293	3	0.218454
2294	19	0.726797
2295	9	0.422554
2296	29	0.397229
2297	29	0.331291
2298	30	0.279755
2299	3	0.245942
2300	9	0.294161
2301	34	0.190000
2302	30	0.279571
2303	30	0.504175
2304	3	0.229088
2305	19	0.345653
2306	30	0.297765
2307	30	0.286417
2308	19	0.344139
2309	30	0.380407
2310	11	0.388354
2311	39	0.283148
2312	45	0.452132
2313	24	0.486813
2314	1	0.600770
2315	19	0.733739
2316	1	0.387412
2317	21	0.172489
2318	19	0.500814
2319	31	0.697349
2320	3	0.461771
2321	24	0.257935
2322	30	0.315685
2323	25	0.677481
2324	19	0.738776
2325	31	0.231224
2326	5	0.620486
2327	30	0.383597
2328	1	0.523135
2329	30	0.354370
2330	38	0.514828
2331	29	0.683849
2332	30	0.427344
2333	9	0.303866
2334	9	0.281532
2335	30	0.180468
2336	39	0.493920
2337	39	0.353775
2338	9	0.373649
2339	9	0.177178
2340	9	0.370400
2341	29	0.463547
2342	9	0.473942
2343	24	0.794972
2344	19	0.419261
2345	1	0.233012
2346	30	0.602527
2347	30	0.440808
2348	39	0.621691
2349	21	0.444891
2350	31	0.406643
2351	41	0.811443
2352	25	0.731191
2353	1	0.453889
2354	15	0.891651
2355	5	0.431983
2356	31	0.495695
2357	15	0.915166
2358	19	0.359796
2359	41	0.895810
2360	21	0.261423
2361	36	0.299263
2362	30	0.400771
2363	39	0.461634
2364	31	0.474478
2365	41	0.879725
2366	9	0.289748
2367	21	0.502851
2368	30	0.334294
2369	36	0.778844
2370	32	0.187028
2371	5	0.287642
2372	30	0.254069
2373	20	0.513663
2374	23	0.413719
2375	38	0.790227
2376	25	0.511861
2377	1	0.186808
2378	35	0.502268
2379	9	0.232874
2380	41	0.990447
2381	3	0.311799
2382	30	0.288938
2383	41	0.965914
2384	41	0.942030
2385	41	0.929315
2386	41	0.908353
2387	41	0.850059
2388	41	0.977654
2389	21	0.780424
2390	3	0.381018
2391	39	0.412268
2392	39	0.431991
2393	30	0.719434
2394	30	0.258656
2395	4	0.547360
2396	30	0.296180
2397	41	0.872691
2398	30	0.748722
2399	30	0.615389
2400	39	0.296951
2401	30	0.621884
2402	5	0.473649
2403	36	0.204481
2404	30	0.522564
2405	41	0.934451
2406	6	0.223273
2407	30	0.429213
2408	30	0.634008
2409	30	0.391672
2410	41	0.936801
2411	41	0.982420
2412	30	0.695408
2413	30	0.420573
2414	30	0.482009
2415	41	0.952937
2416	30	0.493038
2417	41	0.936389
2418	41	0.978613
2419	39	0.471391
2420	31	0.329689
2421	30	0.310035
2422	30	0.701020
2423	5	0.518989
2424	5	0.273578
2425	30	0.538778
2426	30	0.500097
2427	41	0.821925
2428	30	0.322775
2429	5	0.319202
2430	5	0.413426
2431	30	0.657755
2432	9	0.499709
2433	30	0.695487
2434	19	0.536910
2435	30	0.570647
2436	41	0.948570
2437	5	0.473839
2438	30	0.536497
2439	30	0.741895
2440	30	0.529711
2441	30	0.719226
2442	19	0.256316
2443	29	0.257168
2444	30	0.254179
2445	30	0.616282
2446	25	0.391886
2447	41	0.857225
2448	41	0.978608
2449	41	0.979310
2450	41	0.991808
2451	41	0.976604
2452	41	0.897791
2453	41	0.937786
2454	41	0.947432
2455	41	0.989332
2456	41	0.873334
2457	41	0.982040
2458	41	0.955598
2459	41	0.932188
2460	41	0.964357
2461	41	0.906230
2462	41	0.946941
2463	41	0.956998
2464	41	0.956376
2465	41	0.982589
2466	41	0.976654
2467	41	0.939840
2468	41	0.986304
2469	41	0.929732
2470	26	0.703859
2471	41	0.972414
2472	41	0.879538
2473	30	0.670673
2474	20	0.310909
2475	41	0.844462
2476	41	0.985634
2477	41	0.955155
2478	41	0.854188
2479	41	0.906724
2480	41	0.915502
2481	41	0.956641
2482	41	0.936675
2483	41	0.972359
2484	41	0.917247
2485	41	0.903111
2486	9	0.196547
2487	29	0.199237
2488	9	0.319069
2489	41	0.964020
2490	19	0.622528
2491	26	0.359701
2492	31	0.494243
2493	39	0.351944
2494	39	0.512102
2495	30	0.229484
2496	5	0.554284
2497	3	0.534203
2498	9	0.165799
2499	19	0.442658
2500	21	0.786519
2501	41	0.909610
2502	41	0.878491
2503	41	0.869418
2504	41	0.983614
2505	41	0.947937
2506	41	0.963582
2507	41	0.918322
2508	41	0.922298
2509	41	0.924310
2510	41	0.913383
2511	30	0.690073
2512	30	0.254944
2513	30	0.194079
2514	41	0.941230
2515	41	0.971149
2516	41	0.940314
2517	41	0.970012
2518	41	0.967806
2519	41	0.933684
2520	41	0.871596
2521	41	0.968381
2522	19	0.508562
2523	30	0.340036
2524	39	0.178950
2525	39	0.347360
2526	3	0.291321
2527	5	0.482000
2528	36	0.608533
2529	41	0.927437
2530	41	0.924338
2531	3	0.238288
2532	30	0.315120
2533	25	0.907324
2534	5	0.212432
2535	21	0.312902
2536	26	0.401949
2537	30	0.189972
2538	30	0.692853
2539	41	0.913751
2540	30	0.193074
2541	4	0.439105
2542	31	0.541540
2543	3	0.724174
2544	30	0.635195
2545	39	0.536639
2546	3	0.227994
2547	3	0.317347
