1	3	0.765303
2	18	1.000000
3	38	0.998602
4	38	0.852057
5	8	0.985544
6	35	0.880494
7	35	0.933917
8	15	1.000000
9	15	1.000000
10	23	1.000000
11	18	1.000000
12	23	0.527782
13	18	0.999999
14	18	1.000000
15	23	0.631858
16	18	1.000000
17	47	1.000000
18	18	0.825499
19	18	1.000000
20	18	1.000000
21	47	1.000000
22	47	1.000000
23	32	1.000000
24	47	0.631422
25	47	1.000000
26	3	0.568450
27	46	0.931255
28	17	0.990193
29	35	1.000000
30	17	1.000000
31	35	1.000000
32	11	1.000000
33	17	0.999581
34	35	0.988527
35	8	1.000000
36	23	1.000000
37	35	0.996695
38	11	0.959549
39	26	0.776624
40	27	0.750374
41	3	0.656285
42	5	0.875102
43	17	0.599557
44	17	1.000000
45	17	0.939851
46	35	1.000000
47	11	1.000000
48	35	0.994976
49	35	1.000000
50	43	1.000000
51	15	0.882673
52	27	0.548899
53	30	0.787033
54	15	1.000000
55	15	1.000000
56	15	1.000000
57	9	0.834694
58	31	1.000000
59	7	1.000000
60	7	0.951269
61	7	0.596899
62	7	0.593335
63	35	0.514130
64	8	0.717456
65	46	1.000000
66	36	0.940079
67	18	1.000000
68	15	1.000000
69	15	1.000000
70	19	1.000000
71	37	1.000000
72	43	1.000000
73	1	1.000000
74	1	0.527912
75	8	0.969314
76	35	0.878712
77	8	0.518788
78	36	1.000000
79	42	1.000000
80	32	1.000000
81	36	0.997897
82	36	1.000000
83	46	1.000000
84	12	1.000000
85	45	0.652801
86	16	0.673265
87	11	1.000000
88	42	1.000000
89	42	1.000000
90	42	1.000000
91	36	1.000000
92	22	0.522312
93	17	0.511156
94	42	1.000000
95	42	0.994619
96	42	1.000000
97	42	1.000000
98	22	0.521713
99	42	1.000000
100	42	1.000000
101	42	1.000000
102	42	0.804721
103	42	1.000000
104	42	1.000000
105	42	0.602387
106	42	0.999386
107	42	1.000000
108	42	1.000000
109	42	1.000000
110	22	0.480429
111	42	0.554608
112	42	1.000000
113	46	0.390111
114	46	0.876931
115	37	1.000000
116	46	1.000000
117	46	0.999204
118	42	0.975705
119	42	1.000000
120	42	1.000000
121	42	1.000000
122	42	0.982618
123	23	0.597540
124	42	1.000000
125	42	1.000000
126	9	0.794076
127	37	1.000000
128	37	1.000000
129	37	1.000000
130	37	0.714609
131	37	1.000000
132	37	1.000000
133	37	0.814729
134	37	1.000000
135	2	1.000000
136	37	1.000000
137	43	0.850659
138	19	1.000000
139	19	1.000000
140	19	1.000000
141	19	1.000000
142	19	1.000000
143	19	1.000000
144	19	1.000000
145	19	1.000000
146	19	1.000000
147	19	0.605998
148	19	0.939823
149	1	1.000000
150	1	1.000000
151	1	1.000000
152	1	1.000000
153	1	1.000000
154	1	1.000000
155	1	1.000000
156	1	1.000000
157	1	1.000000
158	1	1.000000
159	1	1.000000
160	1	1.000000
161	1	1.000000
162	1	1.000000
163	46	1.000000
164	16	0.544997
165	48	1.000000
166	9	1.000000
167	18	1.000000
168	42	1.000000
169	6	0.770318
170	18	0.995595
171	42	1.000000
172	42	1.000000
173	6	0.531793
174	42	1.000000
175	42	1.000000
176	24	1.000000
177	6	0.737933
178	6	0.745645
179	43	1.000000
180	22	0.553344
181	22	1.000000
182	35	0.605512
183	1	0.700420
184	1	0.672269
185	9	0.548103
186	1	0.691755
187	15	0.727850
188	26	0.906618
189	18	1.000000
190	18	0.997774
191	6	1.000000
192	45	1.000000
193	29	1.000000
194	29	1.000000
195	3	0.415589
196	26	0.983261
197	42	1.000000
198	42	0.700315
199	42	1.000000
200	42	0.734982
201	38	1.000000
202	38	0.999966
203	45	1.000000
204	46	0.967055
205	46	1.000000
206	46	1.000000
207	9	1.000000
208	29	1.000000
209	29	1.000000
210	29	1.000000
211	29	1.000000
212	29	1.000000
213	18	1.000000
214	34	1.000000
215	22	0.609480
216	35	0.999991
217	35	1.000000
218	8	0.479923
219	2	0.832700
220	35	1.000000
221	35	1.000000
222	4	0.567052
223	12	1.000000
224	12	0.967143
225	12	0.999989
226	35	1.000000
227	47	1.000000
228	47	0.703582
229	23	1.000000
230	30	1.000000
231	30	0.960479
232	30	1.000000
233	6	0.914749
234	23	1.000000
235	39	0.874353
236	35	1.000000
237	46	1.000000
238	48	1.000000
239	34	0.636196
240	8	0.509409
241	35	1.000000
242	35	0.346877
243	35	0.910150
244	12	0.698994
245	32	1.000000
246	35	0.881840
247	32	1.000000
248	1	0.999888
249	35	1.000000
250	35	0.999996
251	34	0.679223
252	17	1.000000
253	3	0.727280
254	17	0.589645
255	2	0.961627
256	32	1.000000
257	30	0.984656
258	2	1.000000
259	22	0.652414
260	35	0.999998
261	35	1.000000
262	35	1.000000
263	35	0.627906
264	32	1.000000
265	1	1.000000
266	29	1.000000
267	22	1.000000
268	6	1.000000
269	38	1.000000
270	17	1.000000
271	35	1.000000
272	12	1.000000
273	12	1.000000
274	6	0.936022
275	46	0.692034
276	37	0.997536
277	23	0.600954
278	46	0.921452
279	8	0.614896
280	32	0.884468
281	35	0.998740
282	23	0.552714
283	3	0.760854
284	45	0.598563
285	45	0.999433
286	6	1.000000
287	46	0.780492
288	30	1.000000
289	30	1.000000
290	30	1.000000
291	8	0.746917
292	32	0.865229
293	35	1.000000
294	37	0.867732
295	46	1.000000
296	23	1.000000
297	20	1.000000
298	8	0.956630
299	8	1.000000
300	46	0.524603
301	46	1.000000
302	8	1.000000
303	8	1.000000
304	8	1.000000
305	28	1.000000
306	28	0.993616
307	24	0.561656
308	23	1.000000
309	32	1.000000
310	46	1.000000
311	46	0.992170
312	23	1.000000
313	12	0.699025
314	22	1.000000
315	30	0.622568
316	12	1.000000
317	8	1.000000
318	8	1.000000
319	23	1.000000
320	35	0.989624
321	18	1.000000
322	30	0.999994
323	30	0.854417
324	32	1.000000
325	8	1.000000
326	35	1.000000
327	39	1.000000
328	15	0.866119
329	2	0.675345
330	15	0.493227
331	35	1.000000
332	14	0.748121
333	23	1.000000
334	17	0.603777
335	17	0.418389
336	22	1.000000
337	28	1.000000
338	22	1.000000
339	22	0.585957
340	22	1.000000
341	45	0.581971
342	26	0.382635
343	45	0.999071
344	45	1.000000
345	46	1.000000
346	11	0.982298
347	24	1.000000
348	42	0.999300
349	37	1.000000
350	29	1.000000
351	26	0.717060
352	41	1.000000
353	36	1.000000
354	46	0.731443
355	46	1.000000
356	46	1.000000
357	46	0.626200
358	15	0.816522
359	1	1.000000
360	46	1.000000
361	46	1.000000
362	29	1.000000
363	45	0.993829
364	15	0.356024
365	4	1.000000
366	7	0.601990
367	4	0.999947
368	6	0.607957
369	13	1.000000
370	6	0.632016
371	6	0.678604
372	41	1.000000
373	1	1.000000
374	8	1.000000
375	20	1.000000
376	36	1.000000
377	20	1.000000
378	3	0.699978
379	1	1.000000
380	27	0.979238
381	30	1.000000
382	37	1.000000
383	27	0.999085
384	10	0.713336
385	1	0.999848
386	21	1.000000
387	29	1.000000
388	20	1.000000
389	5	1.000000
390	11	0.511454
391	30	1.000000
392	24	1.000000
393	19	0.931722
394	17	0.725645
395	24	1.000000
396	20	1.000000
397	3	0.522389
398	3	0.952384
399	7	1.000000
400	2	1.000000
401	7	0.734789
402	7	1.000000
403	3	0.781136
404	29	0.999756
405	18	1.000000
406	41	1.000000
407	42	0.997034
408	41	1.000000
409	41	0.777117
410	14	1.000000
411	6	1.000000
412	6	1.000000
413	5	0.918046
414	29	0.997369
415	29	1.000000
416	1	1.000000
417	41	1.000000
418	36	0.857518
419	29	0.605270
420	36	0.685563
421	45	1.000000
422	8	0.694164
423	31	1.000000
424	10	1.000000
425	13	1.000000
426	29	1.000000
427	5	1.000000
428	35	1.000000
429	1	1.000000
430	26	0.689729
431	48	1.000000
432	7	1.000000
433	7	1.000000
434	7	1.000000
435	7	1.000000
436	36	1.000000
437	20	1.000000
438	38	0.956282
439	11	0.503054
440	32	0.996754
441	28	1.000000
442	7	0.559646
443	7	0.991683
444	7	1.000000
445	7	1.000000
446	20	1.000000
447	3	0.978887
448	10	0.612423
449	17	1.000000
450	30	1.000000
451	1	0.989446
452	41	0.699819
453	29	1.000000
454	38	1.000000
455	29	0.997103
456	9	0.660022
457	36	1.000000
458	8	1.000000
459	3	0.861705
460	10	1.000000
461	36	1.000000
462	8	1.000000
463	18	0.997948
464	5	1.000000
465	35	1.000000
466	31	1.000000
467	28	1.000000
468	5	0.991529
469	1	1.000000
470	5	0.998725
471	4	0.999372
472	4	1.000000
473	26	0.834783
474	18	1.000000
475	4	1.000000
476	31	1.000000
477	3	0.577369
478	3	0.975318
479	9	1.000000
480	19	0.697067
481	12	0.826142
482	12	0.825370
483	12	0.819884
484	24	0.791480
485	46	1.000000
486	46	1.000000
487	44	0.874485
488	2	1.000000
489	8	1.000000
490	30	1.000000
491	6	1.000000
492	47	0.999826
493	33	0.984898
494	3	0.557036
495	26	0.661360
496	47	1.000000
497	27	0.998306
498	27	0.603159
499	18	1.000000
500	48	1.000000
501	37	1.000000
502	2	1.000000
503	47	1.000000
504	45	1.000000
505	3	0.768638
506	3	0.758289
507	2	1.000000
508	4	1.000000
509	48	1.000000
510	47	1.000000
511	3	0.703436
512	29	0.767584
513	47	1.000000
514	35	0.753347
515	17	0.812609
516	9	1.000000
517	45	1.000000
518	47	0.889116
519	18	1.000000
520	18	0.995204
521	45	1.000000
522	3	0.561603
523	26	0.786565
524	47	0.879977
525	18	1.000000
526	35	0.999884
527	47	0.868698
528	18	1.000000
529	9	1.000000
530	3	0.552053
531	3	0.878315
532	2	1.000000
533	20	1.000000
534	16	0.557834
535	42	0.999997
536	42	1.000000
537	1	1.000000
538	20	1.000000
539	1	0.959727
540	1	0.750704
541	1	1.000000
542	29	0.697137
543	3	0.871812
544	6	1.000000
545	11	0.987005
546	38	1.000000
547	6	1.000000
548	35	0.834374
549	47	0.474765
550	37	1.000000
551	27	0.515382
552	3	0.535651
553	15	1.000000
554	30	0.925368
555	5	1.000000
556	17	0.488544
557	36	0.848869
558	20	0.656490
559	35	0.559707
560	18	1.000000
561	4	0.681792
562	4	1.000000
563	4	1.000000
564	48	1.000000
565	32	1.000000
566	17	0.741349
567	23	1.000000
568	3	0.991535
569	46	0.945786
570	23	0.540473
571	35	1.000000
572	17	1.000000
573	9	0.957419
574	9	0.999999
575	26	0.420920
576	23	0.612271
577	26	0.583641
578	23	1.000000
579	32	1.000000
580	23	1.000000
581	32	1.000000
582	4	1.000000
583	4	1.000000
584	39	1.000000
585	6	0.462262
586	39	1.000000
587	39	1.000000
588	35	1.000000
589	35	1.000000
590	35	1.000000
591	4	1.000000
592	4	0.828799
593	13	0.623068
594	23	0.642178
595	35	1.000000
596	23	1.000000
597	10	0.578063
598	35	1.000000
599	23	1.000000
600	29	1.000000
601	23	0.697344
602	23	0.549591
603	23	0.640073
604	3	0.494883
605	35	1.000000
606	32	0.767322
607	32	1.000000
608	38	0.594898
609	38	0.591792
610	29	0.771902
611	11	0.998617
612	11	1.000000
613	11	0.998608
614	11	1.000000
615	11	1.000000
616	11	1.000000
617	23	0.573418
618	11	1.000000
619	11	1.000000
620	11	0.989230
621	11	1.000000
622	23	0.569661
623	11	1.000000
624	11	1.000000
625	11	1.000000
626	11	1.000000
627	11	0.823441
628	11	1.000000
629	11	1.000000
630	11	0.997817
631	11	0.783389
632	23	0.555793
633	23	0.523419
634	39	1.000000
635	32	0.975575
636	32	1.000000
637	32	0.999985
638	23	1.000000
639	29	1.000000
640	11	0.676895
641	8	1.000000
642	21	0.683242
643	43	0.601844
644	11	0.906923
645	30	0.996485
646	40	0.987717
647	23	1.000000
648	29	1.000000
649	23	0.603010
650	23	1.000000
651	23	1.000000
652	23	1.000000
653	32	1.000000
654	32	0.724487
655	32	0.719095
656	23	1.000000
657	32	0.914592
658	23	0.641488
659	32	1.000000
660	35	0.991241
661	23	1.000000
662	35	1.000000
663	23	0.561297
664	23	1.000000
665	32	1.000000
666	32	1.000000
667	23	1.000000
668	23	1.000000
669	8	1.000000
670	35	1.000000
671	32	1.000000
672	2	1.000000
673	2	0.842379
674	32	1.000000
675	23	1.000000
676	23	1.000000
677	23	1.000000
678	23	1.000000
679	23	1.000000
680	2	1.000000
681	44	0.923053
682	46	0.987957
683	2	1.000000
684	29	1.000000
685	23	0.632342
686	11	1.000000
687	11	1.000000
688	23	1.000000
689	23	1.000000
690	23	1.000000
691	32	1.000000
692	23	0.630643
693	46	1.000000
694	46	1.000000
695	46	1.000000
696	23	0.545089
697	18	0.860813
698	23	1.000000
699	11	1.000000
700	1	1.000000
701	32	1.000000
702	32	1.000000
703	44	0.848156
704	30	1.000000
705	46	1.000000
706	46	0.986803
707	2	0.500505
708	18	1.000000
709	23	1.000000
710	1	0.713472
711	4	1.000000
712	48	1.000000
713	48	0.993664
714	4	1.000000
715	11	1.000000
716	32	1.000000
717	23	1.000000
718	39	1.000000
719	17	0.989716
720	29	1.000000
721	6	1.000000
722	6	1.000000
723	6	1.000000
724	6	1.000000
725	35	1.000000
726	36	0.641444
727	23	1.000000
728	32	1.000000
729	32	0.964037
730	23	1.000000
731	23	1.000000
732	23	1.000000
733	23	0.518726
734	36	0.701523
735	23	1.000000
736	35	0.994577
737	8	1.000000
738	8	1.000000
739	8	1.000000
740	8	1.000000
741	35	0.444807
742	3	0.713276
743	8	1.000000
744	8	1.000000
745	8	0.787115
746	35	0.553881
747	18	1.000000
748	46	1.000000
749	46	1.000000
750	10	0.897989
751	26	0.605575
752	43	0.999402
753	43	1.000000
754	43	0.508173
755	21	0.999390
756	21	1.000000
757	43	0.950772
758	43	0.538070
759	21	0.982460
760	43	0.729568
761	21	0.959387
762	43	1.000000
763	21	0.955284
764	43	0.999406
765	43	0.518601
766	43	0.521453
767	11	0.502024
768	21	0.774113
769	43	0.999995
770	43	0.999454
771	43	0.727370
772	11	0.502950
773	43	1.000000
774	44	0.858619
775	45	0.869933
776	20	0.802524
777	7	1.000000
778	7	1.000000
779	5	0.432749
780	19	0.827901
781	15	0.788367
782	20	0.637609
783	34	0.551078
784	19	0.829238
785	39	0.388298
786	19	0.825852
787	19	0.833598
788	19	0.827838
789	27	0.571337
790	16	0.683042
791	16	0.338895
792	35	0.500578
793	41	0.606281
794	38	0.794219
795	21	0.690119
796	16	0.632112
797	5	0.921468
798	46	0.520981
799	47	0.418070
800	47	0.421632
801	36	0.741916
802	36	1.000000
803	41	1.000000
804	19	1.000000
805	36	1.000000
806	15	0.676242
807	36	0.729785
808	31	0.887476
809	21	1.000000
810	16	0.485441
811	16	0.748104
812	20	0.547790
813	26	0.633654
814	26	0.646348
815	16	0.878267
816	34	0.452540
817	6	0.734630
818	20	1.000000
819	20	0.551703
820	26	0.574676
821	26	0.540411
822	16	0.383872
823	26	0.521487
824	15	1.000000
825	17	0.387296
826	24	0.726077
827	31	1.000000
828	35	1.000000
829	26	0.786029
830	17	0.796911
831	12	0.723982
832	1	0.710654
833	46	0.796403
834	47	1.000000
835	3	0.950323
836	47	1.000000
837	3	0.623001
838	46	0.841271
839	46	0.841290
840	3	0.832750
841	17	0.833462
842	45	1.000000
843	45	1.000000
844	41	0.633586
845	45	0.372159
846	45	0.385479
847	3	0.828011
848	3	0.994145
849	8	0.639555
850	11	0.956614
851	11	0.989646
852	36	0.811684
853	46	1.000000
854	43	0.927629
855	26	0.888528
856	34	0.987531
857	4	1.000000
858	42	0.999505
859	16	0.962211
860	36	0.745258
861	29	0.984067
862	20	1.000000
863	31	0.996899
864	10	1.000000
865	5	1.000000
866	17	0.810204
867	1	1.000000
868	26	0.816344
869	16	0.803147
870	45	0.999586
871	1	1.000000
872	47	0.880841
873	1	1.000000
874	13	1.000000
875	13	1.000000
876	13	1.000000
877	13	1.000000
878	13	0.673909
879	13	1.000000
880	13	1.000000
881	13	0.603823
882	13	1.000000
883	13	1.000000
884	13	1.000000
885	13	1.000000
886	13	0.974448
887	13	1.000000
888	13	0.535082
889	13	1.000000
890	13	1.000000
891	13	1.000000
892	13	0.971958
893	13	1.000000
894	13	0.999289
895	13	1.000000
896	13	1.000000
897	13	1.000000
898	13	1.000000
899	26	0.356905
900	5	0.697149
901	33	0.406609
902	38	0.844518
903	18	0.443098
904	32	0.983275
905	12	0.611953
906	14	0.322503
907	30	0.656695
908	37	0.418245
909	2	0.490870
910	14	0.321708
911	12	0.515491
912	32	0.957875
913	12	0.553114
914	30	0.666463
915	22	0.559899
916	12	0.605180
917	12	0.528059
918	12	0.672857
919	12	0.761092
920	12	0.758571
921	12	0.672888
922	12	0.739117
923	37	0.361514
924	12	0.833631
925	12	0.836024
926	12	0.837130
927	12	0.835750
928	12	0.836306
929	12	0.836359
930	12	0.835837
931	12	0.838143
932	12	0.836824
933	18	1.000000
934	12	0.836229
935	1	0.995190
936	1	0.849840
937	1	0.996631
938	47	0.889056
939	10	0.999994
940	10	0.999999
941	27	0.508042
942	26	0.648477
943	1	0.996619
944	18	0.603605
945	18	0.604164
946	1	0.991354
947	25	1.000000
948	1	0.805176
949	13	0.654233
950	41	0.743806
951	13	1.000000
952	20	0.519540
953	28	0.617738
954	28	0.747117
955	5	0.482596
956	17	0.549217
957	13	1.000000
958	13	1.000000
959	13	0.642777
960	13	1.000000
961	13	1.000000
962	43	0.835734
963	43	0.836333
964	34	0.872911
965	5	0.408023
966	6	0.372143
967	6	0.769125
968	6	0.770199
969	13	1.000000
970	34	0.876743
971	31	0.942065
972	31	0.680809
973	31	0.943968
974	5	0.805800
975	25	1.000000
976	38	0.676855
977	45	0.562931
978	35	0.527111
979	25	0.971677
980	25	0.522119
981	25	1.000000
982	25	1.000000
983	25	1.000000
984	25	0.943485
985	25	0.481841
986	25	1.000000
987	25	0.476071
988	17	0.525799
989	17	0.525884
990	43	0.748775
991	5	0.625889
992	27	0.346291
993	31	0.737093
994	16	0.340874
995	29	0.741198
996	33	0.919901
997	13	0.632371
998	21	0.823417
999	24	1.000000
1000	18	0.999726
1001	5	1.000000
1002	24	1.000000
1003	19	1.000000
1004	18	1.000000
1005	24	1.000000
1006	30	1.000000
1007	18	1.000000
1008	35	1.000000
1009	35	0.999357
1010	35	0.998574
1011	18	0.792422
1012	35	0.999980
1013	35	0.823299
1014	2	1.000000
1015	4	1.000000
1016	4	0.999997
1017	12	0.522670
1018	4	0.999755
1019	19	0.759710
1020	19	0.999926
1021	43	1.000000
1022	26	0.778500
1023	16	0.566973
1024	21	1.000000
1025	21	1.000000
1026	21	1.000000
1027	43	1.000000
1028	8	1.000000
1029	43	1.000000
1030	37	0.620973
1031	6	1.000000
1032	35	0.878762
1033	8	0.867332
1034	1	0.476100
1035	35	0.510663
1036	6	0.558968
1037	3	0.448747
1038	1	1.000000
1039	15	1.000000
1040	15	0.686308
1041	19	0.589407
1042	17	0.995860
1043	15	1.000000
1044	15	1.000000
1045	20	0.682591
1046	15	1.000000
1047	15	0.999999
1048	7	1.000000
1049	1	0.814964
1050	35	0.810585
1051	34	1.000000
1052	34	1.000000
1053	34	1.000000
1054	20	1.000000
1055	48	1.000000
1056	48	0.534824
1057	48	1.000000
1058	43	1.000000
1059	44	1.000000
1060	26	0.522099
1061	34	1.000000
1062	8	1.000000
1063	5	1.000000
1064	24	0.572866
1065	37	1.000000
1066	5	1.000000
1067	5	0.903731
1068	5	1.000000
1069	5	1.000000
1070	18	1.000000
1071	5	1.000000
1072	5	1.000000
1073	7	0.805008
1074	29	0.855920
1075	29	0.840796
1076	29	0.703145
1077	29	0.854081
1078	48	0.864309
1079	37	0.717013
1080	42	0.793804
1081	42	0.795032
1082	33	1.000000
1083	3	0.597509
1084	11	0.666595
1085	11	0.666714
1086	27	0.399761
1087	27	0.661252
1088	9	0.600083
1089	42	0.789211
1090	17	0.818926
1091	1	0.761040
1092	17	0.614994
1093	9	0.603014
1094	9	0.600787
1095	40	0.709093
1096	46	0.533188
1097	3	0.449491
1098	3	0.490819
1099	34	1.000000
1100	46	0.668255
1101	13	1.000000
1102	13	1.000000
1103	13	1.000000
1104	36	0.507005
1105	13	1.000000
1106	13	1.000000
1107	13	1.000000
1108	13	1.000000
1109	13	1.000000
1110	13	1.000000
1111	13	1.000000
1112	13	1.000000
1113	13	1.000000
1114	13	1.000000
1115	13	0.738767
1116	24	0.571975
1117	17	0.423500
1118	8	0.410887
1119	34	0.660692
1120	34	0.874583
1121	34	0.855652
1122	13	1.000000
1123	13	1.000000
1124	15	0.638066
1125	10	0.485506
1126	8	1.000000
1127	8	0.822221
1128	38	0.965644
1129	41	0.425190
1130	8	0.899279
1131	8	0.810857
1132	10	0.509895
1133	18	0.571343
1134	31	0.539651
1135	10	0.995525
1136	10	0.999720
1137	10	0.993011
1138	36	1.000000
1139	10	0.547006
1140	24	0.878637
1141	24	0.934690
1142	29	0.459424
1143	24	0.483946
1144	24	0.626637
1145	37	0.427686
1146	31	0.696466
1147	13	0.765072
1148	24	0.344290
1149	34	1.000000
1150	34	1.000000
1151	34	1.000000
1152	34	1.000000
1153	34	1.000000
1154	34	1.000000
1155	34	1.000000
1156	34	1.000000
1157	34	0.954561
1158	34	1.000000
1159	34	1.000000
1160	34	1.000000
1161	46	0.438868
1162	11	1.000000
1163	3	0.785930
1164	11	1.000000
1165	9	0.547121
1166	9	0.545639
1167	9	0.572621
1168	38	0.949715
1169	38	0.921649
1170	38	0.937417
1171	38	0.947261
1172	38	1.000000
1173	38	0.994889
1174	24	0.821231
1175	13	1.000000
1176	13	1.000000
1177	13	1.000000
1178	13	0.953592
1179	13	0.998155
1180	13	1.000000
1181	13	1.000000
1182	13	1.000000
1183	1	0.708102
1184	41	0.775960
1185	25	1.000000
1186	13	1.000000
1187	13	1.000000
1188	13	0.574290
1189	41	0.749351
1190	13	1.000000
1191	13	0.607895
1192	13	1.000000
1193	13	1.000000
1194	13	1.000000
1195	13	1.000000
1196	13	0.989778
1197	13	0.897393
1198	13	0.660356
1199	22	0.999813
1200	1	1.000000
1201	31	1.000000
1202	20	1.000000
1203	12	0.375579
1204	12	1.000000
1205	12	1.000000
1206	31	1.000000
1207	29	0.986253
1208	29	1.000000
1209	15	0.970793
1210	29	0.999995
1211	15	1.000000
1212	37	1.000000
1213	38	1.000000
1214	29	1.000000
1215	26	0.947030
1216	33	1.000000
1217	33	1.000000
1218	4	1.000000
1219	41	0.587780
1220	19	1.000000
1221	19	1.000000
1222	18	1.000000
1223	25	0.563604
1224	3	0.995214
1225	3	0.978605
1226	32	0.483244
1227	20	1.000000
1228	20	1.000000
1229	45	1.000000
1230	45	1.000000
1231	45	0.666860
1232	46	1.000000
1233	20	0.924568
1234	12	1.000000
1235	20	0.925142
1236	20	0.922319
1237	28	1.000000
1238	8	0.976453
1239	44	1.000000
1240	24	1.000000
1241	12	1.000000
1242	18	1.000000
1243	18	1.000000
1244	18	1.000000
1245	29	1.000000
1246	11	0.992274
1247	4	1.000000
1248	3	0.827252
1249	44	1.000000
1250	6	0.628161
1251	37	1.000000
1252	41	1.000000
1253	41	0.990062
1254	9	1.000000
1255	9	1.000000
1256	17	1.000000
1257	38	1.000000
1258	9	1.000000
1259	45	0.832207
1260	30	1.000000
1261	29	0.993736
1262	29	1.000000
1263	3	0.921344
1264	1	1.000000
1265	18	0.957180
1266	3	0.998443
1267	26	0.886681
1268	2	1.000000
1269	37	1.000000
1270	15	0.987222
1271	9	1.000000
1272	16	0.918711
1273	3	0.580166
1274	3	0.637746
1275	33	0.999394
1276	33	1.000000
1277	33	1.000000
1278	33	1.000000
1279	33	1.000000
1280	3	0.734921
1281	9	0.792527
1282	38	0.883375
1283	26	0.945229
1284	33	1.000000
1285	11	0.843984
1286	33	1.000000
1287	33	1.000000
1288	33	1.000000
1289	11	1.000000
1290	11	1.000000
1291	9	0.790359
1292	18	0.999997
1293	8	0.759290
1294	33	1.000000
1295	43	0.946225
1296	43	0.936393
1297	43	0.920786
1298	21	0.937038
1299	11	1.000000
1300	33	1.000000
1301	33	1.000000
1302	33	1.000000
1303	33	1.000000
1304	33	1.000000
1305	33	1.000000
1306	33	1.000000
1307	40	0.875372
1308	33	1.000000
1309	11	1.000000
1310	33	1.000000
1311	33	1.000000
1312	33	0.626605
1313	11	1.000000
1314	11	1.000000
1315	33	1.000000
1316	40	0.992767
1317	33	1.000000
1318	33	1.000000
1319	11	1.000000
1320	33	0.717009
1321	11	1.000000
1322	33	1.000000
1323	33	1.000000
1324	25	0.897238
1325	25	1.000000
1326	25	1.000000
1327	25	0.936699
1328	25	1.000000
1329	25	1.000000
1330	44	0.997003
1331	44	0.981724
1332	44	0.999871
1333	44	0.999539
1334	44	0.992085
1335	44	0.999929
1336	44	0.999997
1337	44	0.992269
1338	44	0.999448
1339	44	0.996231
1340	44	0.974925
1341	44	0.981129
1342	44	0.999915
1343	44	1.000000
1344	44	0.985601
1345	44	0.999905
1346	44	0.999970
1347	44	0.999461
1348	44	0.998315
1349	4	1.000000
1350	15	0.991279
1351	16	0.675620
1352	3	0.825635
1353	43	1.000000
1354	48	1.000000
1355	14	0.417742
1356	33	1.000000
1357	37	0.540402
1358	24	0.865144
1359	17	0.605814
1360	31	0.911138
1361	8	0.868932
1362	47	0.879932
1363	13	1.000000
1364	6	0.790170
1365	37	0.480395
1366	15	1.000000
1367	4	1.000000
1368	4	1.000000
1369	5	0.948734
1370	8	0.496948
1371	3	0.896748
1372	15	0.828267
1373	37	0.794220
1374	28	0.758530
1375	28	0.933852
1376	28	0.931232
1377	28	0.925289
1378	45	0.730296
1379	45	0.601128
1380	45	0.590798
1381	5	0.610839
1382	29	0.589158
1383	29	0.581653
1384	38	0.887626
1385	28	0.935139
1386	28	0.717473
1387	28	0.925511
1388	29	0.859293
1389	38	0.606176
1390	28	0.923515
1391	28	0.932852
1392	5	0.931927
1393	5	0.932311
1394	28	0.928506
1395	45	0.925217
1396	33	0.612909
1397	28	0.923821
1398	28	0.930714
1399	48	1.000000
1400	48	0.513171
1401	13	0.543361
1402	6	1.000000
1403	30	0.994838
1404	10	1.000000
1405	46	0.751230
1406	18	0.571917
1407	18	0.564268
1408	46	0.785357
1409	29	1.000000
1410	43	1.000000
1411	8	1.000000
1412	46	1.000000
1413	19	1.000000
1414	43	1.000000
1415	9	1.000000
1416	32	0.623736
1417	46	1.000000
1418	46	1.000000
1419	12	0.700652
1420	36	0.816839
1421	18	1.000000
1422	9	1.000000
1423	8	1.000000
1424	35	0.625719
1425	35	0.810344
1426	12	0.539919
1427	46	1.000000
1428	46	1.000000
1429	1	0.982835
1430	4	1.000000
1431	11	1.000000
1432	3	0.913487
1433	13	1.000000
1434	31	1.000000
1435	1	1.000000
1436	37	0.975368
1437	20	1.000000
1438	6	0.603260
1439	6	0.596128
1440	12	0.825895
1441	41	1.000000
1442	26	0.994087
1443	1	0.942404
1444	1	1.000000
1445	17	0.780657
1446	9	1.000000
1447	7	1.000000
1448	47	0.413450
1449	47	0.415173
1450	11	1.000000
1451	2	0.975344
1452	35	0.786975
1453	3	0.933343
1454	47	1.000000
1455	15	1.000000
1456	42	0.996194
1457	35	1.000000
1458	1	1.000000
1459	34	0.999263
1460	20	1.000000
1461	15	0.996226
1462	25	0.681356
1463	29	1.000000
1464	15	1.000000
1465	29	1.000000
1466	47	0.880675
1467	5	1.000000
1468	47	1.000000
1469	47	1.000000
1470	25	1.000000
1471	35	0.503333
1472	20	0.643528
1473	12	1.000000
1474	1	0.999961
1475	4	0.983724
1476	2	1.000000
1477	28	1.000000
1478	4	1.000000
1479	46	1.000000
1480	46	1.000000
1481	25	0.516440
1482	30	0.999989
1483	9	1.000000
1484	10	1.000000
1485	6	1.000000
1486	26	0.572971
1487	13	0.598387
1488	38	1.000000
1489	38	1.000000
1490	35	0.855033
1491	20	1.000000
1492	18	0.987023
1493	18	1.000000
1494	18	1.000000
1495	37	1.000000
1496	34	1.000000
1497	34	1.000000
1498	41	0.613033
1499	45	1.000000
1500	17	0.982983
1501	26	0.572550
1502	41	1.000000
1503	17	0.996102
1504	16	0.961242
1505	28	1.000000
1506	37	0.984209
1507	30	0.917237
1508	30	0.793832
1509	18	1.000000
1510	21	1.000000
1511	30	0.951053
1512	6	0.455319
1513	8	0.998088
1514	36	0.701804
1515	38	1.000000
1516	9	1.000000
1517	30	0.473360
1518	34	0.884187
1519	28	1.000000
1520	18	1.000000
1521	12	1.000000
1522	24	1.000000
1523	33	1.000000
1524	33	1.000000
1525	33	1.000000
1526	33	1.000000
1527	33	1.000000
1528	40	0.719892
1529	33	0.745532
1530	33	0.999754
1531	33	1.000000
1532	33	1.000000
1533	33	1.000000
1534	33	1.000000
1535	33	1.000000
1536	33	1.000000
1537	33	1.000000
1538	33	1.000000
1539	33	1.000000
1540	40	0.999885
1541	40	0.997459
1542	33	1.000000
1543	33	0.703109
1544	33	1.000000
1545	45	0.861935
1546	45	0.868209
1547	45	0.859746
1548	25	0.523882
1549	8	0.893569
1550	11	0.475721
1551	8	0.589960
1552	15	0.618271
1553	21	0.996424
1554	25	0.426079
1555	1	0.577993
1556	25	0.812010
1557	43	0.582254
1558	27	0.843883
1559	9	0.447510
1560	40	0.484464
1561	9	0.788194
1562	43	0.479416
1563	9	0.763987
1564	1	0.725044
1565	33	1.000000
1566	17	0.639180
1567	34	1.000000
1568	21	0.896978
1569	26	0.693628
1570	38	0.705641
1571	46	0.826349
1572	3	0.880172
1573	10	0.909712
1574	10	0.893579
1575	13	1.000000
1576	13	1.000000
1577	45	0.408349
1578	45	0.698929
1579	41	0.589694
1580	21	0.790172
1581	25	0.448414
1582	13	1.000000
1583	13	1.000000
1584	23	0.563469
1585	19	0.603037
1586	19	0.370674
1587	33	0.995358
1588	40	0.999390
1589	33	1.000000
1590	33	1.000000
1591	33	1.000000
1592	31	0.936452
1593	31	0.906262
1594	31	0.751255
1595	21	0.978933
1596	26	0.617692
1597	45	0.733635
1598	45	1.000000
1599	30	0.972180
1600	8	0.999673
1601	35	1.000000
1602	1	0.998997
1603	1	0.999237
1604	11	0.966619
1605	47	0.908774
1606	46	0.990548
1607	14	0.999849
1608	8	0.623363
1609	14	1.000000
1610	41	1.000000
1611	41	0.803097
1612	41	1.000000
1613	41	1.000000
1614	24	1.000000
1615	41	1.000000
1616	41	1.000000
1617	41	1.000000
1618	34	1.000000
1619	8	0.999999
1620	14	0.996676
1621	35	0.999766
1622	14	1.000000
1623	18	1.000000
1624	1	0.998846
1625	1	0.851478
1626	34	0.985202
1627	14	0.659382
1628	11	1.000000
1629	11	1.000000
1630	35	1.000000
1631	8	0.998915
1632	35	0.999953
1633	8	0.605963
1634	26	0.912310
1635	32	0.527061
1636	20	0.425603
1637	1	1.000000
1638	46	1.000000
1639	46	0.744106
1640	46	0.679078
1641	46	0.978800
1642	46	1.000000
1643	46	1.000000
1644	46	0.975897
1645	46	1.000000
1646	11	1.000000
1647	11	1.000000
1648	20	1.000000
1649	15	1.000000
1650	15	1.000000
1651	15	0.522773
1652	15	1.000000
1653	20	0.626262
1654	15	0.740791
1655	15	1.000000
1656	15	1.000000
1657	15	1.000000
1658	15	1.000000
1659	15	1.000000
1660	15	1.000000
1661	15	1.000000
1662	15	1.000000
1663	15	0.991529
1664	15	1.000000
1665	15	1.000000
1666	15	1.000000
1667	15	1.000000
1668	15	1.000000
1669	15	1.000000
1670	15	0.994570
1671	15	1.000000
1672	15	1.000000
1673	3	0.885724
1674	41	1.000000
1675	41	1.000000
1676	45	1.000000
1677	41	1.000000
1678	6	1.000000
1679	42	1.000000
1680	41	1.000000
1681	3	0.882309
1682	41	1.000000
1683	6	1.000000
1684	6	1.000000
1685	3	0.958598
1686	41	1.000000
1687	44	1.000000
1688	1	1.000000
1689	12	1.000000
1690	24	0.749817
1691	11	0.648447
1692	11	1.000000
1693	46	1.000000
1694	19	0.973412
1695	19	1.000000
1696	19	1.000000
1697	31	1.000000
1698	46	1.000000
1699	38	1.000000
1700	38	1.000000
1701	12	0.828634
1702	26	0.907711
1703	16	1.000000
1704	26	0.988657
1705	26	0.830461
1706	26	0.832243
1707	11	0.996901
1708	35	0.912790
1709	46	1.000000
1710	16	0.516256
1711	11	1.000000
1712	11	0.984352
1713	2	1.000000
1714	11	0.999837
1715	26	0.926012
1716	16	0.625470
1717	29	1.000000
1718	29	0.892049
1719	5	0.613425
1720	29	0.892933
1721	29	1.000000
1722	29	1.000000
1723	24	0.567883
1724	31	0.664941
1725	14	0.400031
1726	33	0.997653
1727	25	0.701217
1728	26	0.818222
1729	24	0.986702
1730	25	1.000000
1731	1	0.917682
1732	1	0.754501
1733	33	0.538720
1734	20	0.462585
1735	25	1.000000
1736	48	0.608486
1737	16	0.943388
1738	25	1.000000
1739	45	0.483915
1740	26	0.730188
1741	16	0.598338
1742	20	0.455495
1743	46	0.403560
1744	28	0.932823
1745	41	0.812817
1746	1	0.392019
1747	3	0.462432
1748	9	1.000000
1749	45	1.000000
1750	42	1.000000
1751	9	1.000000
1752	1	0.849852
1753	9	1.000000
1754	16	0.354319
1755	18	0.955002
1756	9	1.000000
1757	9	1.000000
1758	46	0.905468
1759	46	0.969498
1760	46	0.905817
1761	46	1.000000
1762	46	0.710509
1763	29	1.000000
1764	29	0.999998
1765	6	1.000000
1766	6	1.000000
1767	6	1.000000
1768	46	0.989570
1769	9	1.000000
1770	46	0.989735
1771	29	1.000000
1772	46	0.999989
1773	47	0.878273
1774	4	1.000000
1775	1	1.000000
1776	40	0.417245
1777	15	1.000000
1778	15	1.000000
1779	15	0.786842
1780	18	0.810343
1781	9	1.000000
1782	9	0.718021
1783	13	1.000000
1784	33	1.000000
1785	1	0.713034
1786	27	0.884281
1787	26	0.769692
1788	29	0.777185
1789	17	0.572153
1790	11	0.806545
1791	46	0.805302
1792	40	0.999982
1793	11	0.696509
1794	11	0.637700
1795	11	0.834518
1796	11	0.659799
1797	37	0.503264
1798	15	0.759472
1799	26	0.685107
1800	26	0.857832
1801	15	1.000000
1802	23	1.000000
1803	18	1.000000
1804	18	1.000000
1805	18	1.000000
1806	44	1.000000
1807	44	1.000000
1808	44	1.000000
1809	44	0.961648
1810	37	1.000000
1811	26	0.664536
1812	32	0.635495
1813	1	1.000000
1814	26	0.935448
1815	45	1.000000
1816	6	0.767485
1817	43	1.000000
1818	28	1.000000
1819	42	1.000000
1820	15	1.000000
1821	4	1.000000
1822	15	1.000000
1823	9	1.000000
1824	6	0.985708
1825	42	0.866444
1826	18	0.553739
1827	8	0.548902
1828	6	1.000000
1829	18	1.000000
1830	3	0.942526
1831	47	1.000000
1832	1	1.000000
1833	1	1.000000
1834	8	1.000000
1835	8	0.803529
1836	46	0.980125
1837	46	1.000000
1838	46	0.991058
1839	46	0.868120
1840	21	1.000000
1841	28	1.000000
1842	6	1.000000
1843	12	1.000000
1844	28	1.000000
1845	21	1.000000
1846	6	1.000000
1847	38	1.000000
1848	13	1.000000
1849	15	1.000000
1850	15	0.983891
1851	15	1.000000
1852	15	1.000000
1853	15	1.000000
1854	15	1.000000
1855	15	1.000000
1856	15	0.636072
1857	15	1.000000
1858	1	1.000000
1859	1	1.000000
1860	1	1.000000
1861	1	1.000000
1862	1	1.000000
1863	1	1.000000
1864	41	1.000000
1865	41	1.000000
1866	41	0.996772
1867	41	0.996164
1868	15	1.000000
1869	15	1.000000
1870	15	1.000000
1871	15	1.000000
1872	15	1.000000
1873	36	1.000000
1874	11	0.534449
1875	45	0.548302
1876	36	1.000000
1877	36	1.000000
1878	36	1.000000
1879	11	1.000000
1880	29	1.000000
1881	25	1.000000
1882	29	0.999924
1883	34	1.000000
1884	1	0.999997
1885	41	0.781490
1886	46	0.996337
1887	34	1.000000
1888	46	1.000000
1889	46	1.000000
1890	36	1.000000
1891	9	1.000000
1892	36	1.000000
1893	31	1.000000
1894	15	0.998027
1895	36	1.000000
1896	46	0.690665
1897	6	1.000000
1898	38	1.000000
1899	4	0.583440
1900	15	1.000000
1901	18	1.000000
1902	18	1.000000
1903	46	0.999991
1904	13	1.000000
1905	3	0.998603
1906	9	1.000000
1907	3	0.480478
1908	15	0.941079
1909	34	1.000000
1910	42	0.984384
1911	42	0.998077
1912	10	1.000000
1913	10	1.000000
1914	3	0.961738
1915	31	1.000000
1916	3	0.954310
1917	26	0.732951
1918	47	0.412927
1919	26	0.863707
1920	17	0.989181
1921	17	0.830702
1922	8	0.985364
1923	34	0.989836
1924	34	1.000000
1925	34	1.000000
1926	34	0.997770
1927	34	0.510058
1928	34	0.652812
1929	34	1.000000
1930	34	1.000000
1931	34	1.000000
1932	34	0.988142
1933	34	1.000000
1934	34	0.979754
1935	34	0.714223
1936	34	0.990261
1937	34	1.000000
1938	34	1.000000
1939	34	0.988045
1940	34	0.623444
1941	34	1.000000
1942	34	1.000000
1943	34	0.818797
1944	34	1.000000
1945	34	1.000000
1946	34	0.990539
1947	34	1.000000
1948	13	1.000000
1949	8	1.000000
1950	3	0.581331
1951	29	0.990457
1952	36	1.000000
1953	31	0.996275
1954	26	0.414631
1955	8	1.000000
1956	31	0.610181
1957	7	1.000000
1958	20	1.000000
1959	34	0.503289
1960	2	0.899260
1961	30	0.666567
1962	45	0.999998
1963	35	1.000000
1964	19	1.000000
1965	29	1.000000
1966	3	0.379163
1967	18	1.000000
1968	13	1.000000
1969	34	0.912222
1970	46	1.000000
1971	48	0.648597
1972	34	0.557430
1973	45	1.000000
1974	48	0.999999
1975	17	0.999932
1976	46	1.000000
1977	3	0.989577
1978	35	0.817871
1979	4	1.000000
1980	20	1.000000
1981	45	0.728957
1982	1	1.000000
1983	28	0.757902
1984	26	0.743399
1985	2	1.000000
1986	37	0.984871
1987	18	1.000000
1988	3	0.705981
1989	14	1.000000
1990	35	0.858962
1991	48	0.973375
1992	2	0.723405
1993	48	0.617059
1994	19	1.000000
1995	1	0.812334
1996	16	0.371422
1997	15	0.578117
1998	41	1.000000
1999	41	0.932437
2000	34	0.997554
2001	37	1.000000
2002	46	1.000000
2003	3	0.981427
2004	48	1.000000
2005	36	0.804269
2006	18	1.000000
2007	18	0.635724
2008	18	1.000000
2009	36	1.000000
2010	45	1.000000
2011	20	0.671111
2012	2	1.000000
2013	46	1.000000
2014	8	0.499238
2015	45	1.000000
2016	34	1.000000
2017	1	0.999966
2018	18	1.000000
2019	38	1.000000
2020	46	0.960536
2021	46	1.000000
2022	28	1.000000
2023	3	0.997536
2024	7	1.000000
2025	31	0.569392
2026	38	0.958029
2027	46	1.000000
2028	46	0.788764
2029	15	0.948853
2030	41	1.000000
2031	1	1.000000
2032	12	0.577578
2033	18	0.999985
2034	37	0.951466
2035	7	0.999767
2036	37	0.703324
2037	16	0.928500
2038	16	0.564442
2039	46	1.000000
2040	46	1.000000
2041	1	1.000000
2042	8	0.999770
2043	29	0.995825
2044	28	0.999999
2045	1	0.999976
2046	40	1.000000
2047	18	1.000000
2048	18	1.000000
2049	26	0.817757
2050	15	0.538239
2051	34	0.653579
2052	43	1.000000
2053	35	1.000000
2054	2	1.000000
2055	19	1.000000
2056	19	1.000000
2057	26	0.882934
2058	18	0.993019
2059	2	0.942265
2060	34	0.843544
2061	29	1.000000
2062	46	1.000000
2063	29	1.000000
2064	29	1.000000
2065	46	1.000000
2066	6	1.000000
2067	15	0.869720
2068	17	0.936158
2069	2	0.613864
2070	3	0.969023
2071	18	0.733211
2072	28	1.000000
2073	19	1.000000
2074	48	0.999998
2075	8	0.449381
2076	35	0.996214
2077	8	0.526211
2078	3	0.929048
2079	3	0.806008
2080	6	0.989102
2081	45	1.000000
2082	13	0.968799
2083	17	0.543852
2084	29	1.000000
2085	8	0.999935
2086	34	0.932433
2087	46	0.507167
2088	14	1.000000
2089	23	0.535860
2090	46	1.000000
2091	34	0.921273
2092	3	0.972325
2093	18	1.000000
2094	48	0.999999
2095	3	0.888304
2096	2	0.529657
2097	41	1.000000
2098	19	1.000000
2099	17	0.986235
2100	35	1.000000
2101	35	0.991891
2102	35	0.764438
2103	18	1.000000
2104	48	0.938431
2105	14	1.000000
2106	41	1.000000
2107	17	0.894023
2108	30	1.000000
2109	18	1.000000
2110	38	1.000000
2111	48	0.629120
2112	19	1.000000
2113	36	1.000000
2114	35	0.999347
2115	3	0.971641
2116	17	0.830079
2117	40	1.000000
2118	6	1.000000
2119	41	1.000000
2120	29	0.874322
2121	31	0.619148
2122	42	1.000000
2123	18	1.000000
2124	15	1.000000
2125	35	1.000000
2126	20	1.000000
2127	28	0.789215
2128	34	0.544670
2129	13	1.000000
2130	47	1.000000
2131	6	0.842945
2132	18	1.000000
2133	45	1.000000
2134	45	1.000000
2135	35	1.000000
2136	7	0.949954
2137	8	0.553155
2138	39	0.554199
2139	39	0.423855
2140	12	1.000000
2141	6	0.601951
2142	6	1.000000
2143	15	0.967272
2144	6	0.676446
2145	20	1.000000
2146	2	1.000000
2147	34	0.933524
2148	32	0.931613
2149	34	1.000000
2150	30	1.000000
2151	12	0.999998
2152	11	1.000000
2153	32	1.000000
2154	32	0.743609
2155	35	0.997637
2156	46	1.000000
2157	34	0.703768
2158	36	0.995622
2159	35	1.000000
2160	11	1.000000
2161	23	1.000000
2162	11	0.798717
2163	32	1.000000
2164	26	0.880825
2165	18	1.000000
2166	35	1.000000
2167	34	0.886380
2168	39	1.000000
2169	23	1.000000
2170	18	1.000000
2171	18	1.000000
2172	32	1.000000
2173	11	1.000000
2174	34	1.000000
2175	32	1.000000
2176	12	1.000000
2177	32	1.000000
2178	45	0.732043
2179	11	1.000000
2180	36	1.000000
2181	8	1.000000
2182	2	0.901411
2183	12	1.000000
2184	35	1.000000
2185	3	0.919564
2186	18	0.708968
2187	17	1.000000
2188	17	1.000000
2189	11	1.000000
2190	32	1.000000
2191	17	1.000000
2192	35	1.000000
2193	34	1.000000
2194	14	1.000000
2195	18	1.000000
2196	27	0.629780
2197	46	1.000000
2198	30	1.000000
2199	30	1.000000
2200	32	1.000000
2201	46	1.000000
2202	46	0.923053
2203	29	0.961106
2204	46	1.000000
2205	34	0.628246
2206	35	1.000000
2207	32	1.000000
2208	18	1.000000
2209	18	1.000000
2210	26	0.881915
2211	30	1.000000
2212	46	1.000000
2213	34	1.000000
2214	39	1.000000
2215	3	0.988894
2216	46	1.000000
2217	17	1.000000
2218	18	1.000000
2219	23	1.000000
2220	32	1.000000
2221	46	1.000000
2222	29	1.000000
2223	34	1.000000
2224	17	1.000000
2225	8	1.000000
2226	1	1.000000
2227	1	0.956166
2228	34	1.000000
2229	20	1.000000
2230	8	1.000000
2231	46	1.000000
2232	17	1.000000
2233	46	1.000000
2234	26	0.537168
2235	17	1.000000
2236	32	1.000000
2237	2	0.981996
2238	14	1.000000
2239	35	1.000000
2240	31	1.000000
2241	29	1.000000
2242	32	0.849284
2243	1	0.975958
2244	46	1.000000
2245	1	0.998908
2246	35	1.000000
2247	35	1.000000
2248	35	1.000000
2249	29	1.000000
2250	32	1.000000
2251	11	1.000000
2252	46	1.000000
2253	11	0.935418
2254	46	1.000000
2255	15	1.000000
2256	34	0.959311
2257	46	0.999999
2258	12	1.000000
2259	35	1.000000
2260	46	1.000000
2261	17	1.000000
2262	32	1.000000
2263	35	0.963873
2264	8	1.000000
2265	17	1.000000
2266	12	1.000000
2267	18	1.000000
2268	24	0.544883
2269	8	0.611105
2270	35	0.932406
2271	18	0.738767
2272	39	1.000000
2273	31	0.597244
2274	11	1.000000
2275	23	0.917905
2276	35	1.000000
2277	17	0.994649
2278	46	1.000000
2279	17	0.634985
2280	19	1.000000
2281	34	0.428394
2282	46	0.949107
2283	46	1.000000
2284	47	1.000000
2285	32	1.000000
2286	46	1.000000
2287	3	0.500804
2288	11	1.000000
2289	34	0.980252
2290	11	1.000000
2291	11	1.000000
2292	30	1.000000
2293	35	1.000000
2294	8	1.000000
2295	46	0.951251
2296	35	1.000000
2297	39	1.000000
2298	12	1.000000
2299	30	1.000000
2300	30	1.000000
2301	18	0.988891
2302	30	1.000000
2303	17	1.000000
2304	12	1.000000
2305	8	1.000000
2306	30	1.000000
2307	34	1.000000
2308	46	1.000000
2309	46	1.000000
2310	17	1.000000
2311	46	1.000000
2312	46	1.000000
2313	17	1.000000
2314	25	0.986321
2315	32	0.999981
2316	20	0.843373
2317	6	1.000000
2318	6	1.000000
2319	12	1.000000
2320	12	1.000000
2321	1	1.000000
2322	35	1.000000
2323	44	0.931323
2324	44	0.951297
2325	15	0.467553
2326	16	0.445598
2327	26	0.659265
2328	20	1.000000
2329	44	0.549775
2330	44	0.838389
2331	27	0.342065
2332	25	0.651642
2333	12	1.000000
2334	29	1.000000
2335	3	0.807510
2336	17	0.872478
2337	17	1.000000
2338	35	1.000000
2339	46	1.000000
2340	18	1.000000
2341	17	1.000000
2342	19	1.000000
2343	22	1.000000
2344	46	1.000000
2345	18	1.000000
2346	8	1.000000
2347	18	1.000000
2348	3	0.511277
2349	41	0.560650
2350	46	0.446673
2351	8	0.437688
2352	45	0.678672
2353	45	0.678249
2354	24	0.538121
2355	23	0.617307
2356	14	0.974439
2357	14	0.727697
2358	1	0.415248
2359	11	0.444915
2360	5	0.640177
2361	20	0.825601
2362	20	0.825496
2363	20	0.688364
2364	28	0.603308
2365	28	0.732581
2366	38	0.593052
2367	14	0.937398
2368	43	0.432720
2369	48	0.865749
2370	48	0.859665
2371	48	0.878442
2372	9	0.604900
2373	9	0.984848
2374	9	0.923440
2375	9	0.479547
2376	18	0.661741
2377	3	0.369318
2378	1	0.611850
2379	1	0.709887
2380	1	0.999236
2381	24	0.384940
2382	30	0.604000
2383	30	0.975523
2384	12	1.000000
2385	33	0.645485
2386	30	0.973765
2387	3	0.965068
2388	47	1.000000
2389	26	0.537318
2390	45	0.460469
2391	18	0.469147
2392	18	0.924237
2393	18	0.402286
2394	13	0.503951
2395	8	0.420259
2396	38	0.639252
2397	24	0.726246
2398	24	1.000000
2399	17	1.000000
2400	35	1.000000
2401	8	1.000000
2402	46	1.000000
2403	23	1.000000
2404	8	1.000000
2405	24	0.984807
2406	46	1.000000
2407	1	1.000000
2408	17	1.000000
2409	35	1.000000
2410	23	0.978299
2411	32	1.000000
2412	1	1.000000
2413	11	0.579257
2414	32	1.000000
2415	32	1.000000
2416	30	1.000000
2417	32	1.000000
2418	32	1.000000
2419	2	1.000000
2420	11	1.000000
2421	36	1.000000
2422	35	1.000000
2423	32	1.000000
2424	18	1.000000
2425	34	0.568952
2426	18	0.610378
2427	32	1.000000
2428	35	1.000000
2429	2	1.000000
2430	23	1.000000
2431	23	1.000000
2432	32	1.000000
2433	46	1.000000
2434	35	1.000000
2435	39	1.000000
2436	32	0.515191
2437	46	1.000000
2438	32	1.000000
2439	11	1.000000
2440	35	1.000000
2441	46	0.893434
2442	36	0.520766
2443	30	0.993538
2444	23	1.000000
2445	34	1.000000
2446	30	1.000000
2447	35	0.511405
2448	30	1.000000
2449	8	1.000000
2450	23	1.000000
2451	23	0.956900
2452	46	0.509391
2453	46	0.999936
2454	32	1.000000
2455	17	1.000000
2456	17	1.000000
2457	35	0.991101
2458	24	0.587290
2459	3	0.931371
2460	32	0.783385
2461	23	1.000000
2462	32	1.000000
2463	8	0.960784
2464	8	0.999981
2465	17	1.000000
2466	32	0.923596
2467	46	0.999841
2468	46	0.821528
2469	32	0.573639
2470	46	1.000000
2471	46	0.581428
2472	32	0.901597
2473	37	0.496722
2474	42	0.999997
2475	12	0.581715
2476	5	1.000000
2477	26	0.754476
2478	20	0.708446
2479	20	0.907528
2480	24	0.652198
2481	11	1.000000
2482	30	1.000000
2483	46	1.000000
2484	12	1.000000
2485	1	0.630791
2486	6	0.608101
2487	24	0.513607
2488	14	0.362403
2489	1	0.802970
2490	26	0.474882
2491	18	0.770966
2492	14	1.000000
2493	18	0.544721
2494	18	0.713890
2495	48	0.500181
2496	23	0.668794
2497	3	0.695970
2498	1	0.393675
2499	20	0.455885
2500	9	0.464776
2501	1	0.576131
2502	24	1.000000
2503	24	1.000000
2504	32	0.728874
2505	20	0.997383
2506	11	0.991063
2507	11	0.535509
2508	20	1.000000
2509	32	0.522234
2510	17	1.000000
2511	37	0.460672
2512	10	0.425166
2513	17	0.925047
2514	20	0.622747
2515	12	1.000000
2516	6	0.522850
2517	31	1.000000
2518	3	0.719935
2519	46	1.000000
2520	32	0.999519
2521	26	0.691690
2522	3	0.670029
2523	12	0.471943
2524	28	0.992478
2525	28	1.000000
2526	28	1.000000
2527	28	0.991602
2528	24	0.564418
2529	8	0.426727
2530	32	0.541312
2531	17	1.000000
2532	17	1.000000
2533	17	1.000000
2534	17	0.617424
2535	24	1.000000
2536	17	0.604076
2537	30	0.881262
2538	30	0.966066
2539	8	0.424913
2540	30	1.000000
2541	30	1.000000
2542	30	1.000000
2543	30	1.000000
2544	30	0.536892
2545	27	0.672497
2546	3	0.407943
2547	3	0.947046
